"VEH","MV","NP","RMSP","ENG","MARHT","SCHL","RACNUM","AGEP","WKL","PINCP"
NA,"7","1","7","5","1","3","1",NA,"1","4"
"3","5","3","3","5","2",NA,"2","8","1",NA
NA,"7",NA,"6","1","2","2","1","12",NA,"4"
"1","2","4","3","5","1","3","1",NA,"3",NA
NA,"7",NA,"9","5","2",NA,"1",NA,"2","4"
NA,"4",NA,"11","4","2","6","1",NA,"2","4"
"4","3",NA,"7","5","2","6","1","9","3",NA
"4","4",NA,"9","5","4","6","1","9","3",NA
"2","7",NA,"6","5","3","3","1","12",NA,"3"
"2","7","2","5","5","2",NA,"1",NA,"1","3"
NA,"7",NA,"10","5","2",NA,"1",NA,"3","8"
NA,"6","1","4","5","3",NA,"1","14","1","3"
"3","5",NA,"8","5","2","3","1","10","3","4"
"2","5","1","7","5","1","3","1",NA,"3","4"
NA,"5","4","5","5","2","3","1",NA,"3","5"
"3","3","3","4","5","2",NA,"1","9","3",NA
"4","2","4","4","5","2",NA,"1","5",NA,NA
"4","5","1","8","5","2","5","1",NA,NA,NA
"2","1","1","4","5","2","3","1","2",NA,NA
"2","2","1","4","4","2","4","1","11","3",NA
NA,"2","3","4","5","3","3","1","2","3",NA
"4","6","2","6","5","2","5","1",NA,"3","10"
NA,"5",NA,"8","5","3",NA,"1","12",NA,"6"
NA,"3","1","4","5","1",NA,"1",NA,NA,NA
NA,"4",NA,"8","5","2","6","1","12",NA,"5"
NA,"7","2","7","5","2",NA,"1",NA,NA,"4"
"7","5",NA,"7","5","3",NA,"1","11",NA,"3"
"2","4","2","7","5","2","3","1","3","3","4"
"4","5","3","8","5","2","3","1",NA,"1","4"
"3","1",NA,"6","5","4","3","1","7",NA,NA
"3","1","2","4","4","1","1","1","3",NA,NA
"3","2","2","6","5","1","6","1",NA,NA,NA
NA,"7",NA,"8","4","2",NA,"1",NA,NA,"5"
NA,"3","3","3","5","2",NA,"1","4","3",NA
NA,"4","6","5","5","2",NA,"1","10","3","7"
NA,"3","3","4","5","2",NA,"1",NA,"3",NA
NA,"7","2","8","5","1",NA,"1",NA,"3","5"
"4","6",NA,"4","4","2",NA,"1",NA,"3","6"
NA,"4","4","8","5","2","3","1","4","3",NA
NA,"1","2","4","5","2",NA,"1","3","3",NA
NA,"5",NA,"6","4","2","6","1","8","3","6"
NA,"2","1","6","5","1",NA,"1",NA,"1",NA
NA,"3",NA,"8","5","3","3","1","8",NA,NA
NA,"3","1","6","5","1",NA,"2",NA,NA,NA
"2","5","2","4","5","2","3","1",NA,NA,"2"
NA,"7","1","9","5","2",NA,"1",NA,"2","4"
"3","3","2","6","5","2",NA,"1",NA,NA,NA
NA,"1","2","3","5","2","3","1","12","1",NA
"4","6",NA,"8","5","3","5","1","9","3",NA
"3","5",NA,"7","5","3",NA,"1","11",NA,NA
"2","7",NA,"7","4","2","3","1",NA,"2","4"
NA,"6",NA,"9","5","2","5","1",NA,"3","6"
NA,"2","3","4","5","1","5","1",NA,NA,NA
"3","3","2","5","5","1",NA,"1",NA,"3","4"
"2","3",NA,"5","5","3",NA,"1","10","1","3"
NA,"5","5","6","5","2",NA,"1",NA,"3","5"
NA,"1",NA,"8","5","2","4","1","8","3",NA
NA,"5",NA,"8","5","3","3","1","8","3","8"
"4","1",NA,"8","5","2","5","1",NA,NA,NA
"3","1","1","3","4","1","3","1","2","3",NA
"2","1",NA,"4","4","3","3","1","4",NA,NA
"3","1",NA,"7","5","2","3","1","8","1",NA
"2","2","2","3","5","1","3","1","3","3",NA
NA,"3",NA,"8","5","3","3","1","8","3",NA
"2","1","1","3","5","2",NA,"1","5",NA,NA
NA,"1","1","5","5","1","6","1",NA,"3","9"
"3","7","2","6","5","2",NA,"1",NA,NA,"5"
"3","5",NA,"9","5","4","3","1","8","3",NA
"4","4",NA,"8","4","2","6","2",NA,"3","6"
"3","7",NA,"4","3","2",NA,"1",NA,NA,"3"
NA,"2","4","7","5","2","3","1","4","3",NA
NA,"5",NA,"10","5","3","6","1",NA,NA,NA
"3","4",NA,"8","5","2","6","1",NA,NA,"4"
NA,"7",NA,"6","5","2",NA,"1",NA,"1","4"
"2","1",NA,"6","4","2",NA,"1","2","3",NA
NA,"4","3","9","5","2","4","1",NA,"3",NA
NA,"3",NA,"9","5","4","3","1","8",NA,NA
"2","3","1","5","5","1","4","1",NA,NA,NA
NA,"4",NA,"8","4","2","6","1","8","3","6"
"4","6","2","5","5","2",NA,"1",NA,NA,"6"
NA,"4",NA,"4","5","3",NA,"1","13",NA,NA
NA,"5",NA,"3","5","3",NA,"1","10","1",NA
"4","6",NA,"12","5","3","5","1",NA,"2","4"
NA,"7",NA,"4","5","3",NA,"1","10","1","4"
NA,"6","2","5","5","2",NA,"1",NA,"1","4"
"5","3",NA,"6","5","4","4","1","10","3",NA
"4","3","3","4","5","2","5","1","10",NA,NA
"3","1","5","6","5","2","3","1","4","3",NA
NA,"1",NA,"4","4","3",NA,"1","6",NA,NA
"2","3","1","7","5","1","3","1",NA,NA,"4"
"3","4",NA,"5","5","3",NA,"1",NA,NA,NA
NA,"1",NA,"15","5","3","3","1","9",NA,NA
"3","6",NA,"10","5","3","3","1",NA,"1",NA
NA,"1","2","7","5","2","3","1","5","3",NA
"5","7","5","6","5","2",NA,"1",NA,NA,"5"
"3","5",NA,"5","2","2",NA,"1",NA,NA,"2"
"4","5","3","6","5","2",NA,"1",NA,NA,"3"
NA,"1","3","3","5","2",NA,"1","3","3",NA
"2","5",NA,"4","5","4",NA,"1","10",NA,"8"
NA,"3","1","4","4","1","2","1",NA,"1","3"
NA,"2","3","4","4","2","3","1",NA,"3",NA
NA,"7","1","7","5","2",NA,"1",NA,NA,"13"
"3","5","4","5","5","2",NA,"1",NA,"3","3"
NA,"3","1","5","5","2","5","1","4",NA,NA
"4","5","1","7","5","2","5","1","9",NA,"4"
NA,"5","4","7","5","2","6","1","6","3","9"
NA,"6","1","6","5","2",NA,"1",NA,NA,"6"
"4","5","1","6","5","1",NA,"1",NA,NA,"5"
NA,"5",NA,"6","5","3","6","1","13",NA,NA
NA,"4",NA,"10","5","3","3","1","7","3",NA
NA,"1","2","5","5","1","3","1",NA,"3",NA
"2","3","1","5","5","1","3","1",NA,"2",NA
"3","1",NA,"5","4","2","3","1","3","3",NA
NA,"5","2","9","5","2","5","1",NA,"3",NA
"2","1",NA,"4","5","3",NA,"1","5","3",NA
NA,"5","5","7","5","2",NA,"1","6","3",NA
"2","3","1","3","5","1",NA,"1","9","1","3"
"2","5",NA,"4","2","2","2","1","10","1","3"
"3","5","2","6","5","2",NA,"1","8","1","3"
NA,"5",NA,"7","5","2","5","1","13","1","11"
"2","6",NA,"5","3","2",NA,"1","8",NA,"2"
NA,"4","1","4","5","2","3","1","5",NA,NA
NA,"7","1","6","5","2",NA,"1",NA,NA,"5"
NA,"3","2","5","5","1","5","1",NA,NA,NA
NA,"6",NA,"4","1","2","1","1",NA,NA,"3"
"2","6",NA,"7","5","3",NA,"1","12","3","8"
NA,"4","2","5","5","2","5","1",NA,NA,NA
NA,"2","4","7","5","2","6","1","4",NA,NA
NA,"1","6","5","5","1","3","1",NA,NA,NA
"4","1","3","5","5","2","3","1","7",NA,NA
"3","2","3","5","5","1",NA,"1","4","3",NA
"4","2",NA,"7","5","2","6","1",NA,"3",NA
"2","6",NA,"7","4","2","2","1",NA,"3","4"
"2","1","1","4","5","2","5","1","12","1",NA
"2","1",NA,"9","4","2","5","1","9","3",NA
"3","4",NA,"8","5","3","4","1","10","3",NA
NA,"4","1","5","5","2",NA,"1",NA,"1","3"
NA,"7",NA,"10","5","4","3","1","10",NA,"3"
"3","2","2","6","5","2","6","1","12","2",NA
NA,"5","1","3","5","3",NA,"1","12",NA,NA
"3","3","2","7","5","2",NA,"1",NA,NA,NA
"5","5",NA,"7","5","3","2","1","10",NA,NA
"2","4",NA,"5","1","1","1","1",NA,"1","3"
NA,"4",NA,"5","3","2","2","1",NA,NA,"5"
"3","7",NA,"7","4","3",NA,"1","9","3","3"
NA,"5","2","5","5","1",NA,"1",NA,NA,"4"
"4","7",NA,"12","5","2","3","1",NA,"1","13"
"5","4","3","6","5","2",NA,"1",NA,NA,"6"
NA,"4","1","7","5","2","6","1",NA,"3","7"
NA,"4","1","3","5","2",NA,"1","7",NA,"6"
NA,"4","3","5","5","2",NA,"1",NA,NA,"8"
"1","5",NA,"6","5","4","3","1","8",NA,NA
NA,"6",NA,"9","5","2","3","1",NA,NA,"2"
NA,"7",NA,"9","5","2","3","1",NA,"2","4"
NA,"6","1","4","5","2",NA,"1","16","1","3"
NA,"3","1","5","5","2",NA,"1",NA,"3",NA
"3","3","4","5","5","2","3","1","13",NA,NA
NA,"6","1","6","5","1",NA,"1",NA,"3","6"
"2","6","1","7","4","1",NA,"1",NA,"1","2"
"2","5","1","4","5","1",NA,"1",NA,"2","4"
NA,"4",NA,"3","4","3",NA,"1","6","3",NA
"2","4","1","6","5","1","6","1",NA,NA,"8"
"3","1",NA,"7","5","4","3","1","8",NA,NA
"2","5","1","5","5","2","3","1",NA,NA,"7"
NA,"7",NA,"9","5","2","5","1",NA,"2","6"
"4","6","3","7","5","2","4","1",NA,NA,"5"
NA,"1","1","2","2","1","6","1","10","3",NA
"2","5",NA,"6","3","2","3","1",NA,"3","3"
NA,"1",NA,"7","4","3","3","1","10","1",NA
"5","3",NA,"8","5","3","4","1","6",NA,NA
"3","3","2","5","5","2",NA,"1","4","3",NA
NA,"5","2","4","5","2",NA,"1",NA,NA,"3"
"3","7",NA,"11","5","2","6","1",NA,"3","5"
NA,"5",NA,"13","5","2","6","1",NA,"3","3"
"2","3","4","4","5","1",NA,"1",NA,NA,NA
"5","6","4","6","5","1",NA,"1",NA,NA,"5"
NA,"2",NA,"10","5","2",NA,"1","7","3",NA
"3","3",NA,"9","5","2","5","1","5","3",NA
NA,"4","1","10","5","1","4","1",NA,"3","5"
NA,"5",NA,"4","3","3",NA,"1","10",NA,"4"
NA,"3","2","9","5","2","3","1","12",NA,NA
NA,"6","1","6","5","3",NA,"1","13",NA,"5"
NA,"7",NA,"8","5","3","5","1",NA,"3","10"
"3","6","2","6","5","2",NA,"1",NA,NA,"7"
NA,"7","2","5","5","1",NA,"1",NA,"1","4"
"2","4","1","5","5","2","3","1","11",NA,"5"
NA,"7","2","9","5","2",NA,"1",NA,"1","3"
NA,"5",NA,"6","1","2","2","1",NA,"3","4"
NA,"4","1","6","5","2","3","1",NA,NA,"3"
"5","7","2","6","5","2",NA,"1",NA,NA,"4"
NA,"3","1","5","5","2",NA,"1","8","2",NA
"1","7","1","8","5","2",NA,"1",NA,NA,"5"
"2","3","1","5","5","2",NA,"1","10",NA,NA
"3","4","2","7","5","1","6","1",NA,NA,"7"
NA,"5",NA,"6","5","3","3","1","8",NA,NA
NA,"7","1","1","5","2",NA,"1",NA,NA,"3"
"3","3","3","4","5","2",NA,"1","4",NA,NA
"2","5","2","6","5","1",NA,"1",NA,NA,"4"
NA,"3",NA,"7","5","2",NA,"1","12",NA,NA
"5","1",NA,"11","5","2","5","1","9","3",NA
"4","5","3","7","5","2","4","1",NA,NA,"6"
"2","3","2","7","5","2","6","1",NA,NA,NA
NA,"6","3","7","5","2",NA,"1",NA,"3","6"
"2","7",NA,"6","5","4","3","1","13",NA,"4"
"3","6","1","5","5","1",NA,"1",NA,"3","4"
NA,"3",NA,"8","5","2","3","1","6",NA,NA
"2","7",NA,"8","5","3",NA,"1","12",NA,"4"
"3","4",NA,"11","5","2","6","1",NA,NA,"6"
NA,"5","2","9","5","2","6","1",NA,NA,"11"
NA,"3",NA,"13","5","2","5","1","8","3","6"
NA,"5","2","6","5","2","6","2",NA,NA,NA
NA,"4",NA,"3","1","2","1","1",NA,"1","3"
NA,"6",NA,"11","4","2","4","1",NA,"1","5"
"2","7",NA,"8","5","2","3","1",NA,NA,"3"
"1","5",NA,"5","5","4",NA,"1","9","3",NA
"2","5",NA,"11","4","2","6","1",NA,NA,"6"
NA,"3","2","5","5","1","5","1",NA,"3",NA
"2","5","1","3","5","3",NA,"1","11",NA,"3"
NA,"1","2","4","5","2","5","2",NA,"3",NA
NA,"4",NA,"9","5","3","5","1","11",NA,NA
NA,"5","2","5","5","1","3","1",NA,"3","6"
"3","3",NA,"5","5","2",NA,"1","5","3",NA
"4","5",NA,"6","2","2","6","1","10",NA,"13"
"3","4","3","3","5","1","3","1",NA,"3","4"
"4","5",NA,"4","5","4",NA,"1","11","3",NA
"4","7",NA,"7","4","3","3","1",NA,"3","6"
"3","2","2","8","5","1","6","1",NA,"3",NA
"4","4","4","6","5","2",NA,"1",NA,"3",NA
NA,"5",NA,"9","5","2","7","1",NA,"2","13"
"2","3","3","4","5","2",NA,"1",NA,NA,NA
NA,"7","2","8","5","2","3","1",NA,NA,"3"
"2","2","3","5","5","2",NA,"1","11",NA,NA
NA,"4","2","3","5","2",NA,"1","11",NA,NA
"2","6",NA,"7","5","3","2","1","14",NA,"3"
NA,"7",NA,"7","5","3","3","1","10","3","4"
NA,"7",NA,"4","1","2","2","1",NA,NA,"3"
"4","1",NA,"10","5","2","5","1","4",NA,NA
NA,"1",NA,"11","5","2","3","1","6",NA,NA
"2","2","2","5","4","2","5","1",NA,"3",NA
"2","3","1","4","5","1","4","1",NA,"3","5"
NA,"4","1","4","5","1",NA,"1",NA,NA,NA
NA,"6",NA,"6","5","3",NA,"1",NA,"2","3"
NA,"3","2","5","5","2",NA,"1","11",NA,"4"
"4","4","4","6","5","2","5","1","7","3",NA
NA,"5","4","5","4","2","2","1",NA,"3","5"
"3","4","2","7","5","2",NA,"1","13",NA,NA
"5","1",NA,"12","5","2","6","1",NA,NA,NA
"3","5",NA,"7","5","3",NA,"1","7",NA,NA
NA,"5",NA,"6","5","3",NA,"1","13",NA,NA
NA,"3",NA,"9","5","2","6","1","5",NA,NA
NA,"3","1","4","5","1","6","1",NA,"3",NA
NA,"4","2","6","4","1",NA,"1",NA,"2",NA
"3","7","2","7","5","2",NA,"1",NA,NA,"3"
"3","4",NA,"7","2","1","4","1",NA,"3","6"
NA,"2","5","7","5","2","6","1","6",NA,NA
NA,"2","2","3","5","1",NA,"1",NA,NA,NA
"3","3","3","4","5","2",NA,"1","3","3","5"
"3","3",NA,"5","5","3","5","1","5","3",NA
NA,"1","5","5","5","2","5","1","4",NA,NA
NA,"5",NA,"8","5","2",NA,"1",NA,NA,"4"
"2","6",NA,"8","5","4","3","1","11",NA,NA
"4","4","4","5","5","2",NA,"1","4",NA,"4"
"2","4","3","4","5","1",NA,"1",NA,"2","2"
NA,"7","2","5","5","2",NA,"1",NA,"1","6"
"3","4","1","7","5","1","2","1",NA,NA,"3"
"2","5","1","5","5","1",NA,"1",NA,NA,"7"
NA,"5","1","3","5","1",NA,"1",NA,NA,"2"
"3","5",NA,"6","5","3","3","1","10",NA,NA
"2","7","2","4","5","2",NA,"1",NA,NA,"3"
NA,"1","2","6","5","1","6","1",NA,"3",NA
NA,"6","4","7","5","2","5","1",NA,"3","6"
NA,"5","2","5","5","2",NA,"1",NA,"2","3"
NA,"6",NA,"5","5","4","3","1","8",NA,NA
NA,"7",NA,"6","3","2",NA,"1",NA,NA,"3"
"3","5",NA,"7","5","3",NA,"1",NA,"3","4"
NA,"3","2","8","5","1","3","1",NA,NA,NA
"4","5","5","5","5","2",NA,"1",NA,"3","7"
"1","6","1","5","4","2","5","1","11","1","3"
NA,"1",NA,"5","5","3","3","1","11","3",NA
"1","1","3","4","4","1","3","1","3","2",NA
NA,"4",NA,"4","5","3",NA,"1","13",NA,NA
"1","3","2","2","5","2",NA,"1","3","3",NA
NA,"1","2","2","5","2",NA,"1","5","3",NA
"4","6",NA,"8","5","2",NA,"1",NA,NA,"7"
NA,"5",NA,"8","5","2","5","1","7",NA,"4"
"3","5",NA,"8","5","3","5","1","9","2","5"
NA,"7","2","6","5","2","6","1",NA,"3","13"
NA,"1","2","4","5","1",NA,"1","4",NA,NA
"3","7",NA,"5","5","3","3","1","13",NA,"4"
NA,"5",NA,"6","5","3","3","1","13",NA,NA
"2","5","2","6","5","2","5","1",NA,"1","4"
"2","6",NA,"7","5","2","6","1",NA,NA,"7"
NA,"6","2","9","5","2","7","1",NA,"1","4"
"3","1","2","6","5","2","6","1","3",NA,NA
NA,"2",NA,"8","5","3","3","1","13",NA,NA
"3","3",NA,"5","3","2","3","1",NA,NA,"4"
NA,"3","4","3","4","2",NA,"1","5","3",NA
NA,"5",NA,"4","3","2",NA,"1","5",NA,"5"
"3","7",NA,"6","5","2","3","1",NA,"3","6"
NA,"4","1","3","5","2",NA,"1",NA,NA,NA
"2","5","2","5","5","2","3","1",NA,"1","2"
"3","3","5","3","5","1","3","1",NA,"1","3"
NA,"5",NA,"8","5","3",NA,"1","14","1",NA
"2","6",NA,"7","5","2","5","1",NA,NA,"6"
NA,"6","2","10","5","2","3","1",NA,NA,"5"
"2","3","3","5","5","2","4","1","6","3",NA
"4","4",NA,"7","3","2","2","1",NA,"1","2"
"1","5","2","5","5","2",NA,"1",NA,NA,"1"
"2","2","1","3","5","1",NA,"1","10","1",NA
"3","3","3","5","5","2","3","1","3",NA,NA
"2","6",NA,"8","5","3",NA,"1","15",NA,"3"
"3","1","2","4","5","2",NA,"1","15","3",NA
"4","7",NA,"7","4","2","3","1",NA,"1","3"
"4","3","2","4","5","2",NA,"1","6",NA,NA
NA,"3",NA,"8","5","2","3","1","5","3",NA
"4","5",NA,"10","5","2","6","1",NA,"3",NA
"4","6",NA,"6","2","2","4","1",NA,NA,"3"
"2","5","3","6","5","2",NA,"1","4","3","4"
"2","3",NA,"3","1","2","2","1","4","3","3"
"2","5",NA,"4","5","3",NA,"1","7","3","4"
"3","4",NA,"7","5","2","6","1","5",NA,NA
NA,"5","6","7","4","2","5","1",NA,"3","8"
NA,"5","2","7","5","2","6","1","15",NA,"5"
"3","6","2","5","5","1",NA,"1",NA,NA,"4"
NA,"7","1","7","5","2",NA,"1",NA,"1","4"
"3","7","2","5","5","2",NA,"1","11","3","5"
"2","4","1","4","5","2",NA,"1","8","1",NA
NA,"3","5","7","5","2",NA,"1","6",NA,"6"
"2","6","2","4","5","2",NA,"1",NA,"1","3"
"3","7",NA,"7","5","3",NA,"1","11","1","2"
"3","6",NA,"7","5","2","5","1",NA,NA,"3"
NA,"2",NA,"9","4","2","6","1","5","3","9"
"3","1","6","7","5","2","5","1","7",NA,NA
NA,"5",NA,"7","4","2","3","1","6",NA,"5"
"1","7","1","4","3","2","3","1",NA,NA,"4"
"5","3","2","5","5","1",NA,"1",NA,"3",NA
NA,"6","2","6","5","2",NA,"1",NA,NA,"8"
"4","4","3","9","5","2","3","1",NA,NA,"3"
"2","4","2","4","5","2","5","1","6","3","13"
NA,"5","1","6","5","2",NA,"1",NA,"3",NA
"2","2","1","5","5","3","5","1","15",NA,NA
NA,"1","2","7","5","1","2","2",NA,"2",NA
NA,"3","1","2","5","1",NA,"1",NA,"3","5"
NA,"3",NA,"5","4","2","3","1","5","1","2"
NA,"5","1","4","5","2",NA,"1","13","1","5"
NA,"5","2","5","5","2",NA,"1",NA,"3","5"
NA,"3","2","4","4","1","3","1",NA,"3","4"
"4","1","4","6","5","1","3","1",NA,"3",NA
"2","6",NA,"5","4","3",NA,"1","5","3","5"
"4","4","3","7","5","2",NA,"1",NA,NA,"6"
NA,"5",NA,"7","5","3","3","1","14","1","5"
NA,"6",NA,"7","5","2","3","1",NA,"3","4"
"3","4",NA,"9","5","2",NA,"1","6",NA,"9"
"3","5",NA,"6","5","3",NA,"1","5","3",NA
"3","4","3","6","4","2","5","1","5","3","9"
"3","3","3","7","5","2",NA,"1",NA,"3",NA
NA,"5",NA,"5","2","2","2","1",NA,"3","5"
"3","6","1","7","5","1",NA,"1",NA,NA,"3"
"3","5",NA,"8","3","2","3","1",NA,NA,"7"
NA,"5",NA,"8","5","3",NA,"1","9",NA,"5"
NA,"1",NA,"5","4","2","3","1","3",NA,NA
"5","4","5","5","4","1","4","1",NA,NA,"5"
NA,"5","2","5","5","2",NA,"1",NA,NA,"5"
NA,"2","3","4","5","1","3","1","2",NA,NA
"1","2","2","1","5","1",NA,"1",NA,"1",NA
NA,"3",NA,"9","5","3","3","1","8","3",NA
NA,"4","2","9","5","2","6","1",NA,NA,NA
NA,"7",NA,"9","5","2","3","1",NA,NA,"4"
NA,"7",NA,"8","5","2","3","1",NA,NA,"5"
"1","2","4","3","4","1","2","1","4","2","3"
NA,"7","1","4","5","2",NA,"1",NA,"1","3"
NA,"1",NA,"5","2","2",NA,"1","7",NA,NA
"3","4","6","6","5","2",NA,"1",NA,NA,NA
"3","3","2","6","4","1","5","1",NA,"3","4"
NA,"4",NA,"8","5","3","3","1","10","1",NA
"2","7","2","5","5","1",NA,"1",NA,"1","3"
NA,"3",NA,"12","5","2","6","1","4","3",NA
NA,"4","1","6","5","2","5","1",NA,"2",NA
"2","5",NA,"6","4","3","3","1","5","3",NA
NA,"4",NA,"10","5","2","6","1",NA,"3",NA
"3","5","2","9","5","2","6","1",NA,NA,"13"
"3","7",NA,"5","5","3",NA,"1","14","1","6"
NA,"6","2","5","5","2",NA,"1",NA,"1","4"
NA,"1","2","5","5","2",NA,"1","8",NA,NA
"4","6",NA,"5","5","3",NA,"1","11",NA,"4"
NA,"5","5","8","5","2","5","1",NA,NA,"5"
"2","4","2","3","5","1",NA,"1",NA,"3","13"
"1","3","1","4","5","1",NA,"1",NA,NA,"5"
"3","6","2","7","5","2","4","1",NA,"3","3"
"3","5","5","7","5","1",NA,"1",NA,"3","5"
NA,"5",NA,"10","5","3","6","1","12","3","6"
NA,"7",NA,"9","4","3","2","1","11","1","3"
NA,"6",NA,"9","5","2","3","1",NA,"2","4"
"4","6","1","6","5","2","1","1",NA,"3","5"
"2","1","1","7","5","2","3","1","10","1",NA
NA,"2","4","10","5","2","4","1","4",NA,NA
"3","5","5","8","5","2","5","1",NA,"3",NA
"5","4",NA,"8","5","3","3","1","8","3",NA
"3","5",NA,"5","4","3","3","1","8",NA,"4"
NA,"3",NA,"8","4","2","3","1","5",NA,"6"
"5","5","5","9","5","2","3","1",NA,"3",NA
"4","7","2","6","5","2","3","1","10","3","5"
NA,"7",NA,"6","3","3","3","1","13","1","3"
"4","4",NA,"6","4","2","5","1","8","3","3"
NA,"5","5","6","5","2",NA,"1",NA,NA,"3"
"3","7","1","6","5","2",NA,"2","12",NA,"4"
NA,"6","4","6","5","2","4","1",NA,"3","5"
"3","3","6","7","5","2","6","1","4",NA,NA
"3","4",NA,"6","5","3",NA,"1","4","3",NA
"4","6",NA,"9","5","2","3","1",NA,NA,"5"
NA,"1","2","4","5","2",NA,"1","5",NA,NA
"1","6",NA,"3","1","2",NA,"1",NA,NA,"3"
NA,"5",NA,"6","5","4",NA,"1","12",NA,NA
"3","6",NA,"10","5","3","3","1",NA,NA,"6"
NA,"1","3","5","5","2","2","1","8",NA,NA
"3","1","2","4","5","1",NA,"1",NA,NA,NA
"3","3",NA,"8","5","3","5","1","8","3",NA
"3","3","2","5","5","2","3","1","9",NA,NA
"4","5","5","6","5","2","2","1","11","1","3"
"3","5","4","6","5","2",NA,"1","7",NA,"8"
NA,"5",NA,"10","5","2","4","1",NA,"3","4"
NA,"3","5","5","5","2","3","1","6","3","7"
"5","5",NA,"6","3","2","3","2",NA,NA,NA
NA,"3","1","5","5","2","4","1","8",NA,NA
NA,"1","3","4","4","2","3","1","6",NA,NA
"3","2",NA,"6","5","3","3","1","6","2",NA
NA,"7",NA,"6","5","2",NA,"1",NA,NA,"5"
"3","7","2","7","5","2",NA,"1","11","2","8"
NA,"5","1","5","5","1",NA,"1",NA,"3","7"
"4","1",NA,"4","3","2","3","1","8","3",NA
"5","5",NA,"5","4","2",NA,"2","6",NA,"4"
"4","5",NA,"6","5","2",NA,"1","9","3","6"
"3","7","1","9","5","1",NA,"1",NA,NA,"3"
"2","6",NA,"5","5","2",NA,"1",NA,NA,NA
NA,"5","3","4","5","2",NA,"1","10","3","4"
NA,"5",NA,"6","5","3",NA,"1",NA,NA,NA
NA,"4",NA,"8","4","3","7","1","8",NA,NA
NA,"6",NA,"8","4","2","2","1",NA,"3","4"
NA,"5","1","4","5","2",NA,"1",NA,"3","3"
"2","5","1","9","5","1","5","1",NA,NA,"5"
NA,"3","1","1","5","2",NA,"1","16","1",NA
NA,"4","2","5","5","2",NA,"1","5",NA,NA
NA,"6","1","6","5","1",NA,"1",NA,NA,"2"
NA,"1","2","4","5","3","3","1","5","3",NA
"3","7","2","5","5","2",NA,"1",NA,"3","8"
"3","3","2","8","5","2","6","1",NA,NA,NA
"3","5",NA,"6","4","2",NA,"1","11","1","3"
NA,"3",NA,"8","5","2",NA,"1","4","3",NA
"3","5","4","7","5","2","5","1",NA,NA,"2"
"6","5","4","7","5","2",NA,"1",NA,NA,NA
"1","4",NA,"5","5","3",NA,"1","5","2",NA
NA,"4","3","6","5","2",NA,"1","5","3","5"
NA,"5","1","6","5","2",NA,"1",NA,"3","5"
"2","3",NA,"4","5","4",NA,"1","7","3",NA
NA,"7","1","2","4","1","3","1",NA,NA,"6"
"3","5",NA,"5","5","3",NA,"1","13",NA,"4"
"1","1","1","1","5","2",NA,"1","16",NA,NA
NA,"6","1","3","4","2","3","1","15",NA,"4"
NA,"6",NA,"6","2","2","3","1",NA,NA,"7"
NA,"1","1","3","5","1",NA,"1","2",NA,NA
NA,"4","4","7","5","2","3","1",NA,NA,NA
"3","1",NA,"7","4","2","3","1","4",NA,NA
NA,"6","2","5","5","2",NA,"1",NA,NA,"7"
"2","4","5","3","4","1",NA,"1",NA,NA,"3"
NA,"1",NA,"3","5","3",NA,"1","12",NA,NA
"1","7","2","5","5","1",NA,"1",NA,"1","3"
NA,"4",NA,"7","5","3","4","1","8",NA,NA
"2","7","2","6","5","2",NA,"1",NA,NA,"4"
NA,"4",NA,"7","4","2","3","1","9",NA,NA
NA,"3",NA,"10","5","3",NA,"1","10","1",NA
"2","1","1","2","5","2",NA,"1","3","3",NA
NA,"5",NA,"7","4","3","6","1","12","2","6"
"4","1",NA,"7","5","2","5","1","9",NA,NA
NA,"6","2","7","5","2","5","1",NA,NA,"6"
NA,"5",NA,"5","5","3",NA,"1","10","2",NA
NA,"3","5","8","4","1","3","1",NA,NA,NA
"4","7","2","8","5","2","3","1","10",NA,"2"
"2","3","3","4","5","2","3","1","7",NA,NA
"3","3",NA,"13","5","2","3","1",NA,"3","5"
NA,"6",NA,"8","5","2","6","1","11",NA,"12"
"3","3","5","8","5","2","5","1","4","3",NA
NA,"6",NA,"7","5","3","3","1","10","3","4"
"4","3",NA,"12","5","2","6","1","7","3",NA
NA,"1",NA,"6","5","3","4","1","4","3",NA
"3","7",NA,"10","5","2","2","1",NA,NA,"4"
NA,"3","1","8","5","1",NA,"1",NA,NA,NA
"3","6",NA,"5","5","4",NA,"1","11",NA,NA
"3","1","2","3","5","1",NA,"1","3","3",NA
NA,"3",NA,"8","5","2",NA,"1","4",NA,NA
NA,"5",NA,"3","5","4","2","1","13","1",NA
NA,"2","1","4","5","1",NA,"2","3","3",NA
"3","4",NA,"7","4","2",NA,"1",NA,"3","8"
"2","5","2","6","5","2","3","1",NA,NA,"4"
"4","7",NA,"9","5","2",NA,"1",NA,NA,"7"
"3","6","2","8","5","2","5","1",NA,NA,"7"
NA,"7","1","5","5","1",NA,"1",NA,"1","5"
NA,"1","1","3","5","2","3","1","13","1",NA
"4","7",NA,"6","5","2","6","1","12",NA,"6"
"2","1",NA,"9","5","3","5","1","7","3",NA
NA,"4","1","5","5","2",NA,"1","11",NA,"5"
"3","7",NA,"7","5","2",NA,"1",NA,NA,"4"
NA,"5","4","7","5","2",NA,"1",NA,NA,"5"
"3","4","2","6","5","2","3","1","11","3","5"
NA,"2","3","4","5","1","3","1","3",NA,NA
"4","5","4","5","4","2",NA,"1","5",NA,"2"
NA,"5",NA,"6","5","3",NA,"1","10",NA,"3"
NA,"6",NA,"10","5","2","3","1","6",NA,"5"
"4","7","2","7","5","2",NA,"1",NA,"3","3"
"2","7","1","5","5","2",NA,"1",NA,NA,"4"
NA,"1","2","4","5","1",NA,"1",NA,"2",NA
"2","4","1","1","5","2",NA,"1","10","3","3"
"2","1",NA,"5","5","3","3","1","10","1",NA
NA,"3",NA,"10","5","3","6","1","12","3",NA
"3","2","2","4","5","2",NA,"1",NA,"1","3"
"4","7",NA,"6","5","4",NA,"1","13","1",NA
"3","5",NA,"7","5","2","5","1","11",NA,"6"
NA,"6","2","5","5","2",NA,"1","10","3","5"
"3","4",NA,"7","5","3","5","1","10",NA,NA
"2","6","1","3","5","2",NA,"1","15","1","4"
NA,"7","1","6","5","2",NA,"1",NA,"1","3"
"2","7",NA,"4","4","2","3","1",NA,"3","3"
NA,"5","1","5","5","2",NA,"1","7",NA,"5"
"2","7",NA,"9","5","2","2","1",NA,"1","4"
NA,"7",NA,"11","5","2","5","1","9",NA,"2"
NA,"7",NA,"6","5","4",NA,"1","13","1","7"
"3","3",NA,"3","5","4","5","1","9","3",NA
"2","3","1","6","5","1",NA,"1",NA,"3",NA
"3","6",NA,"5","5","4",NA,"1","14","1","3"
"2","3","2","5","5","1",NA,"1",NA,NA,"4"
"2","7","1","4","5","1",NA,"1",NA,NA,"13"
"1","1","1","3","5","1","3","1","4",NA,NA
"4","7","2","9","5","2","6","1",NA,NA,"2"
NA,"3",NA,"5","1","2",NA,"1",NA,"3","3"
NA,"4",NA,"4","5","3",NA,"1","9","3",NA
NA,"7",NA,"10","5","3","4","1","13",NA,"13"
NA,"4","1","6","5","3",NA,"1","11","2",NA
"5","2","4","6","5","2",NA,"1","9","3",NA
NA,"6","1","5","5","1",NA,"1",NA,"1","6"
NA,"3","1","6","5","1","3","1",NA,NA,NA
NA,"7",NA,"9","5","2","3","1",NA,"3","3"
"3","4","7","5","3","1","3","1",NA,"3","5"
NA,"5","4","6","4","2",NA,"1","6",NA,NA
"4","5",NA,"12","5","2","6","1",NA,"3","6"
"2","5","2","4","5","2",NA,"1","10","3","3"
NA,"1","1","4","2","1","3","1",NA,"3","4"
NA,"6",NA,"8","4","2",NA,"1",NA,NA,"8"
"1","1","2","3","5","1",NA,"1",NA,NA,NA
"4","7","3","7","5","2",NA,"1",NA,"3","4"
"3","4","3","5","5","2","3","1","4","3","5"
NA,"3","1","3","5","1","4","1",NA,NA,NA
NA,"3","5","6","5","3","3","1","7","3",NA
NA,"6","2","6","5","2",NA,"1",NA,NA,"13"
NA,"3","2","3","5","3","3","1","10",NA,NA
NA,"5","3","7","5","2","6","1",NA,NA,"4"
"2","1","5","6","5","2","3","1","4",NA,NA
NA,"7","1","7","5","1",NA,"1",NA,"3","3"
"3","5","3","7","5","2","6","1","8","3","9"
"3","3",NA,"9","5","2","3","1","3","3",NA
NA,"7","2","8","5","2",NA,"1",NA,NA,"7"
NA,"5","1","5","5","2",NA,"1","11",NA,"8"
"2","6",NA,"8","5","3","4","1","8",NA,"6"
"5","5","3","5","4","2","3","1","8","3",NA
"1","1","1","3","5","1","3","1","9","1",NA
NA,"1","2","3","5","1",NA,"1",NA,"3",NA
NA,"1","5","7","5","2","5","1","4","3",NA
"3","7","1","7","5","2",NA,"1",NA,"3","7"
NA,"3",NA,"4","5","3",NA,"1","12","1",NA
"2","1","1","3","5","1","5","1","6",NA,NA
NA,"3","2","6","5","1","3","1",NA,"3",NA
"3","3","5","4","5","2",NA,"2","3","3",NA
NA,"3","2","5","5","2",NA,"1","9",NA,NA
NA,"6",NA,"6","5","3","2","1","7",NA,"3"
NA,"6","1","6","5","2","3","1",NA,"1","4"
"3","7","2","5","5","2",NA,"1",NA,"1","4"
NA,"5",NA,"10","5","3","6","1","9",NA,"3"
NA,"5","2","3","4","2",NA,"1","5","3","4"
NA,"6","2","7","5","2","5","1",NA,"3","6"
"1","3","1","2","5","1",NA,"1",NA,NA,NA
"2","2","1","2","4","2",NA,"1","8",NA,NA
"3","7",NA,"11","5","2","3","1",NA,"1","5"
NA,"7",NA,"8","3","2","3","1",NA,NA,"3"
"2","3","2","4","5","1",NA,"1","3","2",NA
"3","6",NA,"8","5","3","3","1","11","3","3"
"4","3",NA,"8","4","2",NA,"1","8",NA,NA
NA,"1","1","6","5","2","3","1","11",NA,NA
"4","6",NA,"9","5","2","3","1",NA,NA,"5"
"3","5",NA,"7","4","3","7","1","8","3","6"
"3","7","2","6","5","2",NA,"1",NA,NA,"3"
NA,"6","4","4","5","2",NA,"1",NA,NA,"7"
"3","3","2","7","5","2",NA,"1","3","3",NA
"3","7","1","5","5","1",NA,"1",NA,NA,"3"
NA,"6","2","7","5","2","4","1","5","3","4"
"2","6","3","5","5","2",NA,"1",NA,"3","5"
NA,"1","4","5","4","2","6","1","5",NA,NA
"4","5",NA,"4","2","2",NA,"1","5","3","3"
NA,"5",NA,"8","5","4",NA,"1","10",NA,NA
"2","3","1","7","5","1","5","1",NA,NA,"4"
"2","4","1","4","5","3",NA,"1","11",NA,"5"
NA,"1","2","4","5","3","3","1","9","3",NA
"2","5",NA,"4","3","2",NA,"1","10","2","2"
NA,"3","2","4","5","1",NA,"1",NA,NA,NA
"3","7","2","6","5","2",NA,"1",NA,"3","6"
"2","5","1","3","5","1",NA,"1",NA,NA,"3"
"2","6","2","4","5","1",NA,"1",NA,"3","5"
"4","4","5","5","5","1","3","1",NA,NA,"2"
"2","3","1","4","5","2",NA,"1","12","1","4"
NA,"3","1","5","5","1",NA,"1","3","3","4"
"3","6","2","6","5","2",NA,"2","10",NA,"5"
NA,"5",NA,"6","2","2","3","1",NA,NA,"3"
NA,"4","1","6","5","1","6","1",NA,NA,"7"
"2","7","1","7","5","2","3","1",NA,"3","4"
"3","1","2","7","5","1","5","1",NA,"3",NA
"5","5",NA,"10","5","2","3","1",NA,NA,"6"
NA,"6",NA,"13","5","4","3","1","12","3",NA
"3","3",NA,"5","5","3","4","1","12",NA,NA
"3","7","2","4","5","2",NA,"1",NA,"1","4"
NA,"2","5","4","5","2","6","1","4","3","6"
"3","2","2","6","5","2","3","1","7","3",NA
NA,"7","1","4","5","2",NA,"1",NA,"1","3"
"1","7","2","6","5","2",NA,"1",NA,"1","3"
"3","2",NA,"8","5","3","6","1","8","3",NA
"4","5","1","5","5","1",NA,"1",NA,"1","5"
"3","3",NA,"4","1","2","2","1",NA,"3","3"
NA,"3","3","4","5","2","3","1","6","3",NA
"3","4",NA,"6","5","3",NA,"1","6","3",NA
NA,"3","4","8","5","1",NA,"1",NA,"3","9"
"2","1",NA,"8","5","3","3","1","8",NA,NA
"2","2","1","5","5","1","6","1",NA,"3",NA
NA,"6",NA,"8","5","4",NA,"1","14","1",NA
"4","6","3","4","5","2",NA,"1","6",NA,"4"
"4","3",NA,"5","5","3","3","1","7",NA,NA
"3","1","4","5","5","2","3","1","2","2",NA
"3","7","2","7","5","2","2","1",NA,NA,"3"
"3","4",NA,"1","3","2",NA,"1","6",NA,"6"
NA,"6","4","6","5","2",NA,"1","8","3","8"
"2","3","2","5","4","2","6","1","7",NA,NA
NA,"6","1","5","5","2",NA,"1",NA,"1","3"
NA,"3",NA,"4","2","2","3","1","15",NA,"2"
"2","3","2","5","5","2",NA,"1","14",NA,NA
NA,"4","2","4","4","1","5","1","3",NA,"3"
NA,"7","2","5","5","2",NA,"1",NA,"1","3"
NA,"5","4","6","5","2",NA,"1","6","1","2"
NA,"5",NA,"9","5","2",NA,"1",NA,"3","6"
NA,"5",NA,"5","4","3","3","1","14","2","3"
NA,"3","2","5","5","1","5","1",NA,NA,NA
NA,"5",NA,"5","5","4","5","1","10","3",NA
"2","4","2","5","5","1",NA,"1",NA,"3",NA
NA,"1","5","7","5","2","6","1",NA,"1",NA
NA,"5","1","1","5","2",NA,"1","9",NA,"3"
"3","4",NA,"10","5","2",NA,"1","12",NA,"5"
"4","3",NA,"9","5","2","5","1","6","2",NA
NA,"3","2","3","5","2",NA,"1","4","3","8"
NA,"4","1","10","5","1","3","1",NA,NA,"6"
"3","1","2","5","5","1","5","1",NA,NA,NA
"3","2","2","2","5","2",NA,"1","8","2",NA
NA,"1",NA,"6","5","3","2","1","7","2",NA
NA,"1","1","4","5","1","5","1","4","3",NA
"3","3","3","6","5","2","3","1",NA,"3",NA
NA,"4",NA,"7","5","3",NA,"1","6","3",NA
NA,"3",NA,"6","5","3",NA,"1","13",NA,NA
"3","3","1","6","5","1",NA,"1",NA,NA,"5"
NA,"7",NA,"14","5","2","6","1",NA,NA,"5"
NA,"7","2","7","5","2",NA,"1",NA,NA,"5"
NA,"6","2","6","5","2",NA,"1",NA,NA,"8"
NA,"3","5","4","4","2","2","1","5","3","4"
"3","1","3","4","5","2",NA,"1","8","3",NA
"3","3","2","7","4","2","5","1",NA,NA,NA
NA,"5",NA,"7","5","2",NA,"1",NA,NA,"13"
"3","4","2","6","5","1",NA,"1",NA,NA,"3"
NA,"3","2","5","5","2","3","1",NA,NA,NA
NA,"6",NA,"8","5","4","5","1","13",NA,"9"
"3","5",NA,"5","5","4",NA,"1","10","2",NA
"2","1","3","6","4","2","3","1","3","2",NA
NA,"4","4","6","5","2",NA,"1",NA,NA,NA
"3","5","2","7","5","2","4","1",NA,"1",NA
NA,"5","1","4","4","1",NA,"1",NA,NA,"4"
"4","4","4","7","5","2",NA,"1","6","3","7"
NA,"6",NA,"4","5","4",NA,"1","11",NA,NA
"2","3",NA,"9","5","3","5","1","10","1",NA
NA,"7","1","5","5","2","3","1","14","1","4"
NA,"1",NA,"7","5","2","7","1",NA,NA,NA
NA,"4",NA,"2","4","3","6","1","12",NA,"4"
"2","4","2","3","4","1",NA,"1","7",NA,"4"
"2","2","2","7","5","2","3","1","7","3",NA
"4","6",NA,"7","5","3","3","1","9","3","5"
"2","5",NA,"6","5","2","4","1",NA,NA,"4"
NA,"7","2","7","5","2",NA,"1",NA,"1","3"
NA,"4",NA,"8","5","2","6","1",NA,"1","13"
NA,"5","3","7","5","2","3","1",NA,NA,"4"
"3","7",NA,"7","5","2",NA,"1",NA,NA,"4"
"4","4","4","10","5","2","4","1",NA,NA,"3"
"2","5","1","5","5","1",NA,"1",NA,"1","4"
NA,"7","1","5","5","2",NA,"1",NA,"1","4"
"4","1",NA,"5","4","2","3","1","5","3",NA
"1","4","3","2","3","1","3","1",NA,NA,"3"
"4","6","2","4","5","2",NA,"1","8",NA,"4"
NA,"5",NA,"5","5","3",NA,"1","10","3",NA
NA,"4",NA,"10","5","3",NA,"1","12","3",NA
"3","3","3","7","5","2","3","1","9","3",NA
"3","1","4","5","5","2",NA,"1","4",NA,NA
NA,"3","4","5","4","2","2","1","5",NA,NA
NA,"3",NA,"8","5","3",NA,"1","7","3",NA
NA,"3",NA,"7","5","2","5","1","5",NA,NA
NA,"6",NA,"9","5","2","3","1",NA,"3","5"
NA,"5",NA,"16","5","2","4","1",NA,"2","5"
"2","2","2","5","5","2",NA,"1","11","2",NA
"2","5","1","5","5","1","6","1",NA,NA,"5"
"2","5","1","4","5","2",NA,"1","13",NA,"4"
NA,"5","1","7","5","2",NA,"1",NA,NA,"4"
NA,"1",NA,"6","5","3","2","1","6",NA,NA
NA,"6","2","6","5","1",NA,"1",NA,"3","4"
"2","1","1","1","5","1","3","1",NA,"1",NA
"3","3","2","6","5","1","3","1",NA,"3","4"
"5","6","2","8","5","1","3","1",NA,"3","5"
NA,"3",NA,"10","5","4","3","1","9","3",NA
"2","4","1","5","5","1",NA,"1",NA,NA,"4"
NA,"6",NA,"6","3","3","3","1","9","3","5"
"5","5",NA,"6","3","2","6","1",NA,NA,"7"
NA,"6","2","1","5","3",NA,"1","12","1","3"
"2","3","1","6","5","1","3","1","4",NA,"3"
NA,"7","2","8","5","2","5","1",NA,NA,"8"
"2","3",NA,"5","2","1","2","1",NA,"3","4"
"1","6","1","6","5","1","5","1",NA,"3","4"
"4","7","3","7","5","3",NA,"1",NA,NA,"6"
NA,"7",NA,"5","5","4",NA,"1","15",NA,"9"
NA,"6","3","9","5","2","3","1",NA,NA,"5"
"1","3","2","4","5","1",NA,"1","6","3",NA
"1","4","3","4","5","2",NA,"1","7","3",NA
"2","1","1","5","5","3","3","1","10","3",NA
"4","5",NA,"15","5","3","3","1",NA,NA,NA
"5","7","1","6","5","2",NA,"1",NA,NA,"7"
NA,"5","3","6","5","1",NA,"1",NA,"1","2"
NA,"1","2","4","4","2","2","1","9",NA,NA
NA,"1","5","6","5","2","3","1","9","3",NA
"4","5","4","7","5","2","4","1",NA,NA,"7"
NA,"5",NA,"11","5","2","6","1",NA,NA,"3"
"5","7",NA,"8","5","2","3","1",NA,"1","4"
"3","7",NA,"6","5","2",NA,"1",NA,NA,"3"
"3","4",NA,"5","5","4","3","1","13",NA,NA
NA,"4",NA,"3","1","2","3","1","15",NA,"3"
"3","6","2","10","5","2","6","1",NA,NA,NA
"2","5",NA,"5","5","4","4","1","9","3","3"
"3","7",NA,"10","5","2","2","1",NA,NA,"6"
"2","5","1","2","5","1",NA,"1",NA,"3","4"
"4","1",NA,"10","5","2","5","1",NA,"3",NA
"3","6","1","3","5","2",NA,"1",NA,NA,"4"
NA,"4","4","6","5","2","3","1",NA,"1","2"
"2","3","1","5","5","1","4","1",NA,"3","4"
"2","3","4","4","4","2",NA,"1",NA,"1",NA
"1","6",NA,"8","5","4","3","1","5",NA,NA
NA,"6","5","7","5","2","3","1",NA,"3","4"
"4","5",NA,"8","2","2","5","1","8",NA,"2"
"4","5",NA,"10","3","2","3","1","8",NA,"4"
"3","5",NA,"6","5","3",NA,"1","12",NA,"11"
"3","3",NA,"6","5","3",NA,"1","10",NA,NA
NA,"5","4","6","5","2",NA,"1",NA,"3","5"
NA,"5","2","6","5","2",NA,"1","12",NA,"5"
"3","7",NA,"5","5","3",NA,"1","10","1","3"
"2","1","1","2","4","1",NA,"1",NA,NA,NA
NA,"4",NA,"7","5","3","3","1","8","2","3"
"2","5","2","8","5","1","4","1",NA,"3","5"
"2","1","4","6","5","2",NA,"1","9",NA,NA
NA,"7","1","7","5","2","3","1","14",NA,"4"
NA,"5",NA,"6","5","4",NA,"1","8",NA,NA
NA,"5","4","7","5","2",NA,"1","8","3","5"
NA,"4",NA,"12","4","2","6","1",NA,"3",NA
"3","7","1","6","5","2",NA,"1",NA,"1","5"
"3","6",NA,"8","5","2","5","1",NA,NA,"7"
NA,"7","1","5","5","2",NA,"1","16","1","6"
"3","4","2","6","5","2",NA,"1","6",NA,NA
"2","3",NA,"8","5","3",NA,"1","11","3",NA
NA,"1","2","4","4","1","5","1","3",NA,"6"
"1","7",NA,"3","1","2",NA,"1",NA,"3","3"
"4","3",NA,"5","5","4",NA,"1","11","1",NA
"3","5",NA,"9","5","2","3","1",NA,"3",NA
"2","7","1","5","5","1",NA,"1",NA,"1","13"
NA,"6",NA,"8","5","2",NA,"1",NA,"3","3"
NA,"4","4","5","5","2","3","1",NA,NA,"4"
NA,"1","2","1","5","2",NA,"1","2","3",NA
"5","1",NA,"8","5","3","4","1","8","3",NA
NA,"5","1","5","5","2","2","1",NA,"1","3"
"4","6",NA,"10","5","2","6","1",NA,"1","4"
NA,"1","1","4","5","2",NA,"1","7","3",NA
"4","7",NA,"12","5","2","6","1",NA,NA,"3"
NA,"4","1","4","5","1",NA,"1",NA,"3",NA
"3","4",NA,"4","4","3","3","1","10","3",NA
NA,"3",NA,"6","3","3",NA,"1","8","3",NA
NA,"3","2","8","5","2","6","1",NA,NA,NA
"3","1","2","3","5","1",NA,"1",NA,"3",NA
"5","5","4","5","5","2",NA,"1","15",NA,"3"
NA,"7","3","6","5","2",NA,"1",NA,NA,"3"
"3","4","7","5","4","2","5","1","3","2","2"
NA,"2",NA,"9","4","2","5","1","3","3",NA
NA,"5",NA,"9","5","2","3","1",NA,"2","5"
"3","5","3","6","5","2","4","1","8","3","8"
"5","5","2","3","5","2",NA,"1","11",NA,NA
NA,"5",NA,"12","5","3","6","1",NA,"3",NA
"3","2","2","6","5","2","3","2","9",NA,NA
NA,"7","1","7","5","2",NA,"1","12","1","3"
"2","3",NA,"5","5","4",NA,"1","12",NA,NA
"4","5",NA,"6","5","3",NA,"1","7","3",NA
NA,"5","1","4","5","1","2","1",NA,NA,"3"
NA,"4",NA,"8","5","2","5","1","11",NA,NA
"2","1","1","4","5","1",NA,"1",NA,"3",NA
"2","7","1","5","5","2",NA,"1","12",NA,"3"
"2","3",NA,"5","2","2","5","1","4","3","7"
"5","6","4","7","5","2",NA,"1",NA,"3","5"
"3","3",NA,"8","4","2","5","1","4",NA,NA
NA,"6","1","7","5","2",NA,"1","8","3","4"
"3","5",NA,"6","5","4",NA,"1","9","3",NA
NA,"5","2","3","3","2","3","1","12","1","3"
NA,"5","2","4","5","3",NA,"1","9","3",NA
NA,"4",NA,"8","5","4","3","1","8",NA,NA
"3","5","3","8","5","2","3","1",NA,"3",NA
"3","5",NA,"6","4","2","2","1","8","3","5"
"2","2",NA,"2","5","4",NA,"1","9",NA,NA
"3","4","4","9","5","1","4","1",NA,NA,"5"
NA,"4","1","4","5","2","3","1","9","1","3"
NA,"5",NA,"9","5","2",NA,"1","5","3","4"
"4","3",NA,"5","5","3","3","1","7","3",NA
NA,"5","7","5","5","2",NA,"1",NA,NA,NA
NA,"3",NA,"5","5","4","3","1","13",NA,NA
"2","1","2","4","5","2",NA,"1","6","3",NA
NA,"6",NA,"5","5","3",NA,"1","10","3",NA
NA,"7","2","6","5","1","3","1",NA,NA,"4"
NA,"3","2","3","5","3",NA,"1","7","3",NA
NA,"5","2","5","5","2",NA,"1","13",NA,"4"
NA,"3",NA,"5","5","2","3","1",NA,NA,"3"
NA,"6","2","6","5","2","3","1",NA,NA,"3"
"3","1","2","3","5","1",NA,"2","6",NA,NA
"4","5",NA,"7","5","3",NA,"1","9","3","4"
NA,"5",NA,"7","5","3",NA,"1","13","1","3"
"7","7","1","3","5","2",NA,"1","17",NA,"3"
NA,"1",NA,"9","5","2","6","1","6","3",NA
"2","3","4","4","4","2",NA,"1","5",NA,NA
NA,"4",NA,"3","2","2","6","1","15","1",NA
NA,"5","2","4","5","3",NA,"1","6","3",NA
NA,"6","1","6","5","2",NA,"1",NA,NA,"5"
NA,"3",NA,"8","5","2","6","1",NA,NA,NA
NA,"1","1","5","5","2","3","1","10","3",NA
NA,"7","1","8","5","2","6","1",NA,"1","6"
NA,"4","1","4","5","1",NA,"1",NA,"3","3"
"3","4",NA,"8","5","3",NA,"1",NA,"3",NA
NA,"2","4","8","5","2","4","1",NA,NA,NA
NA,"2","2","2","4","2",NA,"1","3",NA,NA
NA,"5","2","4","4","2",NA,"1",NA,"3","8"
"4","7",NA,"7","5","3","3","1",NA,"3","4"
NA,"4","4","4","5","1",NA,"1",NA,"3","4"
"3","6",NA,"6","2","3","3","1","10","3","5"
"2","4","2","4","4","2",NA,"1","8","3","4"
NA,"2",NA,"6","3","2",NA,"1","2","3",NA
NA,"3",NA,"6","5","2","4","1","5","3","4"
"4","1","2","4","4","2","3","1","9",NA,NA
"4","6",NA,"9","5","2","5","1",NA,NA,NA
NA,"5",NA,"8","5","2","5","1",NA,"1","4"
"1","5","1","3","5","1",NA,"1",NA,NA,"3"
NA,"3",NA,"10","5","2","6","1",NA,"3",NA
NA,"7","1","6","5","2",NA,"1",NA,"1","4"
NA,"5",NA,"7","5","3","6","1","12","1","9"
NA,"7",NA,"9","5","3","3","1","13","1","8"
"3","3",NA,"6","5","3","6","1","6",NA,NA
NA,"5","2","5","5","3","3","1","9",NA,NA
NA,"5","2","6","5","2","2","1","10","3",NA
NA,"3","1","5","5","1",NA,"1",NA,NA,NA
"2","2",NA,"6","5","4","3","1","12",NA,NA
"5","5","4","4","5","2",NA,"1","4","3","6"
NA,"7","1","6","5","2",NA,"1",NA,"2","4"
"2","7",NA,"11","5","2","5","1",NA,NA,"4"
"4","3",NA,"6","2","1","2","1",NA,NA,"2"
"1","7",NA,"6","5","3",NA,"1","13","1","3"
NA,"5",NA,"9","5","4","2","1","17",NA,NA
"2","3","1","4","5","2",NA,"1",NA,NA,NA
"2","3","1","3","5","1",NA,"1","10","3",NA
"2","4","5","3","4","2",NA,"1","4","2","2"
NA,"7",NA,"5","5","3",NA,"1","14",NA,"3"
"2","5","1","4","5","2",NA,"1",NA,NA,"5"
"3","1",NA,"7","5","3","6","1","12",NA,NA
"4","7","3","8","5","2","6","1",NA,NA,"10"
"3","3",NA,"4","5","4",NA,"1","9",NA,NA
NA,"3",NA,"4","3","2",NA,"1","6",NA,"4"
"3","3",NA,"5","5","2",NA,"1",NA,"3",NA
"3","1","2","5","5","2","6","1","8","3",NA
"1","2",NA,"3","5","4",NA,"1","12",NA,NA
NA,"1","2","8","5","1","4","1","3","3",NA
NA,"5",NA,"7","5","3","2","1","8","3","4"
"4","2",NA,"10","5","3","6","1","8",NA,NA
NA,"1","1","2","4","1",NA,"1","4",NA,NA
NA,"3",NA,"5","4","2",NA,"1","9",NA,NA
"7","7",NA,"6","2","2","2","1","14","1","3"
"2","4","1","4","5","1",NA,"1",NA,"3","4"
"2","4","1","7","5","2","3","1",NA,NA,"6"
NA,"5",NA,"10","5","3","3","1","9",NA,"7"
NA,"4",NA,"6","5","3","5","1",NA,"1",NA
NA,"2","2","4","5","1",NA,"1","3","3",NA
NA,"7","2","6","5","2","3","1",NA,"3","4"
"1","3",NA,"5","2","2","2","1","8","3","3"
NA,"6",NA,"6","5","2",NA,"1",NA,"1","4"
NA,"4","1","5","5","2","6","1",NA,"1",NA
NA,"4","2","6","5","2","3","1",NA,"3",NA
"3","5","2","6","5","2","5","1",NA,"3","4"
NA,"3","1","3","5","3",NA,"1","10",NA,"6"
NA,"7",NA,"7","5","2","5","1",NA,"1","9"
NA,"5","4","7","5","2","5","1",NA,"3","3"
NA,"7","3","5","4","2","6","1",NA,NA,"5"
NA,"5",NA,"8","5","4","2","1","13","1",NA
NA,"3",NA,"5","1","2",NA,"1","4",NA,"2"
NA,"1",NA,"5","3","2","5","1",NA,NA,NA
NA,"3","1","2","5","2",NA,"1","12","1",NA
NA,"6",NA,"8","5","2","3","1",NA,NA,"2"
NA,"2","3","9","5","2","5","1","5",NA,NA
"3","2",NA,"13","5","3","5","1","10","3",NA
"2","7",NA,"8","5","4","3","1","14",NA,"2"
NA,"6","3","7","5","2","5","1",NA,NA,"2"
"2","5","1","7","5","2","3","1",NA,NA,"4"
NA,"3","3","4","5","1",NA,"1","4",NA,"4"
NA,"3","4","3","4","2",NA,"1",NA,"3",NA
"3","5",NA,"7","5","2","3","1",NA,"3","3"
NA,"3",NA,"12","5","3","5","1",NA,NA,NA
NA,"7",NA,"6","5","3",NA,"1","11","1","4"
"2","3","1","6","5","1","5","1",NA,NA,NA
NA,"3","3","6","5","2","3","1","5","3","5"
"5","6","3","6","5","2",NA,"1","8",NA,"3"
"3","3",NA,"7","5","3","3","1","4",NA,NA
"1","3","1","3","5","2",NA,"2","9","2",NA
"3","5",NA,"9","5","2","3","1",NA,"3",NA
"3","1","4","4","5","2","6","1","4",NA,NA
NA,"4",NA,"7","5","2","5","1",NA,"3",NA
"1","5","5","5","5","2","1","2","12","3","4"
"4","4","4","5","5","2",NA,"1","9","3",NA
NA,"3",NA,"8","5","4","6","1","14",NA,NA
"4","4",NA,"7","5","4",NA,"1","5","3",NA
"4","3","5","7","5","2","3","1",NA,"3",NA
"4","1","3","6","5","1",NA,"1",NA,"3",NA
NA,"5",NA,"9","5","3","3","1","8","3","6"
"3","5",NA,"9","4","3","7","1","7","3",NA
"4","4",NA,"17","5","2","6","1",NA,"3",NA
NA,"4","1","3","5","1",NA,"1",NA,"3","4"
NA,"5",NA,"6","5","3",NA,"1","8","3","4"
NA,"7",NA,"7","5","3",NA,"1","14","1","5"
"6","4",NA,"11","5","4","5","1","9","3",NA
"4","5",NA,"8","5","3",NA,"1","10","1",NA
NA,"1",NA,"4","5","3","2","1","6","3",NA
NA,"7",NA,"6","5","3","3","1",NA,"1","4"
"5","6",NA,"6","5","3",NA,"1","8","3","6"
NA,"5",NA,"9","5","4",NA,"1","6","3",NA
"3","3",NA,"7","5","2",NA,"1","8",NA,NA
NA,"4","1","4","5","1","4","1",NA,"3",NA
NA,"5",NA,"10","5","2","6","1",NA,"3","11"
NA,"4","3","7","4","2","3","1","8",NA,NA
"3","7","2","5","5","2",NA,"1",NA,"3","4"
NA,"3",NA,"6","4","2","3","1","8","3",NA
"1","4",NA,"6","5","3",NA,"1","8",NA,NA
"6","5",NA,"8","4","3",NA,"1","8","3","4"
NA,"1","2","6","5","1","3","1",NA,NA,NA
"2","7","1","8","5","2","5","1",NA,"1","4"
NA,"7","2","4","5","2",NA,"1",NA,NA,"4"
"3","7",NA,"7","4","2",NA,"1",NA,"1","3"
"3","5",NA,"5","5","3",NA,"1","11","3","4"
"3","2","4","7","5","2","6","1","7","3",NA
NA,"5",NA,"6","4","2","3","1",NA,"3","3"
"4","2",NA,"10","5","2","5","1","6","3",NA
NA,"3","2","4","5","2","5","1","7","3",NA
NA,"5","2","7","5","2","5","1",NA,NA,"4"
NA,"6","2","5","5","2","3","1",NA,NA,"2"
"2","5","1","9","5","1","6","1",NA,NA,"4"
NA,"4","2","6","5","2",NA,"1","4",NA,"5"
"2","3","2","5","4","1",NA,"1",NA,NA,"9"
"3","1","2","3","5","1","3","1",NA,NA,NA
NA,"5","5","6","5","2",NA,"1",NA,"1","2"
NA,"3",NA,"3","2","2",NA,"1","10",NA,"2"
"3","5","3","5","5","2",NA,"1","5",NA,"4"
NA,"4","1","3","5","1",NA,"1",NA,NA,"7"
"4","1","3","6","5","1","3","1",NA,"3",NA
NA,"1",NA,"12","5","3","6","1","7","3",NA
NA,"6","2","8","5","2","4","1",NA,NA,"5"
NA,"3",NA,"3","5","3","6","1","6",NA,NA
"2","1","1","3","5","2",NA,"1",NA,NA,NA
"2","2",NA,"8","5","2","5","1","10","2",NA
"2","3","2","4","5","1",NA,"1",NA,"3","5"
NA,"3",NA,"8","5","4","3","1","10",NA,NA
NA,"7",NA,"9","5","2",NA,"1",NA,NA,"6"
NA,"3","2","5","4","1","3","1",NA,"3","4"
NA,"5",NA,"7","5","3","6","1","9","3","7"
"3","3","2","2","5","1",NA,"1",NA,"3","4"
NA,"7","1","6","5","2","3","1",NA,"1","4"
"2","7",NA,"9","5","2",NA,"1",NA,"1","5"
"3","1",NA,"6","5","2","4","1","3","3",NA
NA,"7","2","6","5","2",NA,"1",NA,NA,"6"
"2","3",NA,"5","5","3","3","1","8",NA,NA
NA,"5","1","8","5","2","4","1",NA,"1","6"
"2","6","1","6","5","2","3","1",NA,"1","6"
"2","3","3","3","4","1",NA,"1",NA,"3","4"
NA,"7",NA,"5","2","2","2","1",NA,NA,"3"
NA,"7",NA,"11","5","2","6","1",NA,NA,"5"
"4","5",NA,"9","5","3","6","1","10","3","13"
NA,"7",NA,"6","5","3",NA,"1","10","3","5"
NA,"4","2","7","5","2","5","1","10","2","3"
NA,"1","2","4","5","2","5","1","2","3",NA
NA,"4","2","4","4","2",NA,"1","4",NA,NA
"3","7",NA,"7","5","2",NA,"1",NA,NA,"5"
"7","5",NA,"10","2","2","2","1","9","1","3"
NA,"7","3","7","4","2",NA,"1",NA,NA,"6"
"3","5",NA,"3","1","2","2","1","9",NA,"2"
"5","5","2","8","5","2","3","1",NA,"3","6"
NA,"3","1","6","5","2",NA,"1",NA,"3",NA
"1","4",NA,"8","5","4","3","1","9",NA,NA
NA,"7","2","6","5","2",NA,"1",NA,"3","4"
"1","2",NA,"4","2","4","2","1","10","3","13"
NA,"7","1","6","4","1",NA,"1",NA,"3","3"
NA,"4","4","4","3","1",NA,"1",NA,NA,"4"
"4","5","1","5","5","2",NA,"1","11",NA,"3"
"1","3","4","4","5","1",NA,"1",NA,"1",NA
"3","3","2","2","5","2","6","2","3",NA,NA
"3","3","2","8","5","2","6","1","5",NA,NA
"3","4","2","3","5","2",NA,"1","14","1","3"
"2","5","2","6","5","2","3","1","5",NA,NA
NA,"3",NA,"5","3","2","3","1","6","3","3"
"2","2","1","1","3","1","6","1","3",NA,"6"
"3","4","3","5","5","1",NA,"1",NA,NA,"2"
"3","6","2","5","5","2",NA,"1",NA,"3","5"
"2","1","3","9","5","1","3","2",NA,"3",NA
NA,"1",NA,"5","3","2",NA,"1","6","3",NA
NA,"6",NA,"8","5","4",NA,"1","8","3","4"
"3","5",NA,"7","5","2","6","1","6","3","13"
NA,"3","3","5","5","2","5","1","3",NA,NA
NA,"3","3","1","5","1",NA,"1",NA,NA,"3"
"3","3",NA,"9","5","2","6","1",NA,NA,"6"
NA,"1","1","2","5","3","6","1","10",NA,NA
"3","6",NA,"8","5","3","3","1","11","2","13"
"4","1",NA,"13","4","3","3","1","7",NA,NA
"1","7",NA,"5","3","2",NA,"1",NA,"1","3"
"3","1","2","4","5","1","6","1","4","3",NA
NA,"4","1","1","5","2",NA,"1","15","1",NA
"3","6","3","7","5","2",NA,"1",NA,NA,"8"
"5","1",NA,"6","5","4","3","1","9",NA,NA
"3","3","4","5","5","2",NA,"1","5",NA,NA
NA,"3","1","2","4","2",NA,"1","9","1",NA
"3","5","4","8","5","2","7","1",NA,"3","13"
"2","7","1","6","5","2",NA,"1",NA,"3","4"
NA,"4","5","7","5","1",NA,"1",NA,"3","4"
"4","5",NA,"7","5","2","5","1",NA,NA,NA
"4","6","2","6","5","2","3","1",NA,NA,"6"
"2","7","3","6","5","1",NA,"1",NA,NA,"3"
NA,"4","5","5","5","2",NA,"1",NA,"3",NA
NA,"1","3","6","4","2","5","1","4",NA,NA
NA,"4","4","6","5","2",NA,"1","5","1",NA
NA,"3",NA,"7","5","3","5","1","7",NA,NA
"2","5","1","7","5","1","6","1",NA,"1","6"
"3","5",NA,"3","5","4",NA,"1","12","1","3"
NA,"3","2","5","5","2",NA,"1","9",NA,NA
NA,"1","2","4","4","1","6","1",NA,"3",NA
"3","4","2","7","5","2",NA,"1",NA,NA,"3"
"3","7","2","8","5","2",NA,"1",NA,"1","5"
NA,"6",NA,"7","5","4",NA,"1","11",NA,NA
"3","4","2","5","5","2","3","1","9","3",NA
"2","5","1","5","5","1","3","1",NA,NA,NA
NA,"3",NA,"4","5","4",NA,"1","13","1",NA
NA,"5",NA,"6","5","2","6","1","11","3","6"
NA,"3","1","3","4","1","5","1","7","3","5"
"3","7","3","7","5","2",NA,"1",NA,NA,"4"
NA,"5",NA,"8","5","4","3","1","12",NA,NA
"2","1","3","3","5","2","3","1","6","3",NA
"3","4","3","6","5","2",NA,"1","5","3",NA
NA,"2","1","5","4","1",NA,"1",NA,"3",NA
"3","4","6","6","5","2","4","1","5",NA,"7"
NA,"3","3","3","4","2","6","1","4","3","3"
"2","6","1","6","5","1",NA,"1",NA,"3","3"
NA,"5",NA,"8","4","2","7","1","7","3","13"
"3","3",NA,"8","5","2",NA,"1",NA,"3",NA
"2","3","1","4","5","2","3","1","9","3",NA
"3","7",NA,"7","5","2","3","1",NA,"1","3"
"4","6",NA,"7","4","2","7","1",NA,NA,"5"
NA,"4","2","7","5","2","3","1",NA,NA,NA
"4","7",NA,"8","5","2","6","1",NA,NA,"6"
"4","5","7","9","5","2","3","1",NA,"1","2"
NA,"3","5","4","4","2","1","1","5","3",NA
NA,"3",NA,"9","5","2","6","2",NA,"3",NA
NA,"5","2","6","5","2","5","1","10","1","5"
"5","6","4","8","5","2","5","1",NA,"3","7"
"1","4",NA,"7","2","3","2","1","4","1","2"
NA,"2","3","5","5","2","4","1","4","3",NA
"1","3","1","2","5","2",NA,"1","11","3",NA
NA,"7","1","6","5","2",NA,"1",NA,NA,"3"
"3","2","4","6","5","2",NA,"2","3","3",NA
"3","7","2","6","5","2",NA,"1",NA,NA,"5"
NA,"7","2","4","5","2",NA,"1",NA,"3","5"
"2","7",NA,"7","5","2",NA,"1",NA,NA,"4"
"3","5",NA,"10","5","2","5","1",NA,"3","3"
"4","5",NA,"16","5","2","5","1",NA,"3","11"
"3","4","2","4","5","2","5","1",NA,NA,"5"
"2","1","1","2","5","1","6","1",NA,"3",NA
NA,"1","1","3","4","2","6","1","3",NA,NA
"4","3","3","5","5","2","5","1","5",NA,NA
"1","5",NA,"9","4","2","2","1","7",NA,"4"
NA,"5","3","5","5","2","6","1","7",NA,"5"
NA,"7",NA,"9","5","2",NA,"1",NA,NA,"5"
NA,"5",NA,"5","5","3",NA,"1",NA,"1","3"
"5","7",NA,"12","5","2","5","1",NA,NA,"5"
NA,"7","1","4","4","1",NA,"1",NA,NA,"2"
"5","7",NA,"5","5","3",NA,"1","9","2","4"
"4","7",NA,"11","5","2","6","1",NA,"1",NA
NA,"4","2","7","5","2","3","1",NA,NA,"3"
"4","4",NA,"11","5","2","6","1",NA,"3",NA
"1","1",NA,"4","1","2","3","1","2","3","4"
NA,"3","2","8","5","2","3","1","4","3",NA
NA,"1",NA,"3","5","3","3","1","15","1",NA
NA,"2","3","6","5","2",NA,"1","3",NA,NA
"2","7",NA,"5","5","2",NA,"1",NA,NA,"3"
"2","7","2","7","5","2","2","1",NA,"1","3"
"4","7","2","6","5","2",NA,"1",NA,NA,"4"
"5","3",NA,"16","5","2","3","1",NA,NA,NA
NA,"1","1","5","5","1","6","1","11","1",NA
"2","4","2","4","5","3","4","1","6","1","3"
NA,"5",NA,"3","5","4",NA,"1","11",NA,NA
NA,"2","2","5","5","2",NA,"1","12",NA,NA
NA,"2","4","6","5","2",NA,"1",NA,"2",NA
"3","5","2","7","5","2","3","1","9","3","4"
NA,"4","3","6","5","2",NA,"1",NA,"3",NA
NA,"3","5","8","5","2","3","1",NA,NA,NA
"1","4","3","5","5","1",NA,"1",NA,"2","3"
NA,"1","1","3","5","1",NA,"1",NA,"1",NA
NA,"5",NA,"6","4","4",NA,"1","10",NA,NA
"3","3",NA,"8","5","3",NA,"1","12","3",NA
"3","2","2","3","5","2","3","1",NA,"3",NA
"5","5",NA,"6","3","2","3","1",NA,NA,"2"
NA,"3",NA,"4","1","1","1","1",NA,"3","3"
NA,"2","4","4","5","2",NA,"1","3","3",NA
NA,"6",NA,"6","5","3",NA,"1","9","3",NA
NA,"2","4","7","5","2","3","1","7","3",NA
"3","5",NA,"2","3","3",NA,"1","7",NA,"3"
NA,"7","2","9","5","2",NA,"1",NA,"1","3"
"3","5",NA,"10","5","2","5","1",NA,"3","8"
NA,"4","3","10","5","2","6","1",NA,NA,NA
"3","6",NA,"6","5","2",NA,"1",NA,"3","5"
NA,"6",NA,"10","5","3","3","1","11","3","5"
NA,"7",NA,"6","5","3","3","1","14",NA,"9"
NA,"6","2","4","5","2",NA,"1",NA,"3","3"
NA,"5",NA,"6","5","3","3","1","11","1","3"
"1","1","5","5","4","1",NA,"1","5",NA,NA
"7","5",NA,"9","5","3","2","1","10",NA,"5"
NA,"7","2","4","5","2",NA,"1","17","1","4"
"3","3",NA,"8","5","3","6","1","7",NA,NA
NA,"5",NA,"6","5","4",NA,"1","13",NA,NA
"4","6",NA,"7","5","2","5","1",NA,NA,"4"
NA,"4",NA,"8","5","3","3","1","11","1",NA
"3","7",NA,"11","5","2","3","1",NA,NA,"6"
"2","7","2","6","5","2",NA,"1",NA,"1","3"
NA,"3","1","4","5","2",NA,"1","6","3",NA
"3","3","1","6","5","1","5","1",NA,"3","5"
"2","1","1","6","5","1","3","1",NA,"2",NA
"3","7","3","7","5","2",NA,"1",NA,"2","4"
NA,"1",NA,"5","2","2","1","1","14",NA,NA
"3","1","2","3","5","3","3","1","13",NA,NA
NA,"3","5","8","5","2",NA,"1","6","3",NA
"6","4","5","6","5","2",NA,"1","6","3","4"
"2","1","1","5","5","2","6","1","7","3",NA
NA,"7",NA,"8","5","3","5","1","13",NA,"7"
NA,"3",NA,"7","5","4","3","1","9","1",NA
NA,"4","3","6","5","1","2","1",NA,NA,"3"
NA,"5",NA,"10","5","3","4","1","6","3","6"
NA,"4","5","7","5","2","3","1",NA,NA,NA
NA,"4",NA,"11","5","2","3","1",NA,NA,"6"
"3","6",NA,"6","4","4",NA,"1","13","1","5"
"5","6",NA,"7","5","3","5","1","7","3","6"
"5","4","4","5","5","2","3","1","7","3",NA
"2","3","3","5","4","2","4","1",NA,"3","4"
"4","2","3","4","5","1","3","1",NA,"2",NA
NA,"3","4","9","5","2","6","1",NA,NA,NA
"4","4",NA,"8","3","2","3","2",NA,NA,"3"
"1","5","2","3","2","1","3","1",NA,"3","3"
"4","2",NA,"8","5","3","3","1","6","3",NA
NA,"7","1","4","5","2","3","1",NA,NA,"4"
"3","7","2","7","5","2",NA,"1",NA,NA,"5"
NA,"1",NA,"10","5","3","3","1","7","3",NA
"3","3",NA,"11","4","4","3","1","9","3",NA
"3","1","2","4","5","1",NA,"1",NA,NA,NA
NA,"5","3","6","5","2","4","1","5","3","5"
"4","4",NA,"10","5","2","6","1",NA,"3","13"
"3","7","2","5","5","2",NA,"1",NA,NA,"3"
"2","7","2","6","5","2",NA,"1",NA,"3","4"
"2","4","1","6","5","1","3","2",NA,NA,"4"
NA,"1","1","3","5","1",NA,"1","11",NA,NA
"2","7",NA,"5","2","2","1","1",NA,NA,"3"
NA,"4","5","7","5","2","2","1","6","3","7"
NA,"6","2","6","5","2",NA,"1",NA,"3","6"
NA,"5",NA,"7","5","3","4","1","10",NA,"8"
NA,"4","2","4","5","2",NA,"1","7",NA,"5"
NA,"5",NA,"5","5","2",NA,"1","13",NA,"4"
"2","1",NA,"4","5","3","6","1","9",NA,NA
"2","7",NA,"12","5","2","3","1","7","3","3"
NA,"5",NA,"11","4","2","7","1",NA,"3","9"
"2","5","1","6","5","2",NA,"1","11",NA,NA
NA,"4","4","9","5","2","4","1",NA,"3",NA
NA,"7",NA,"4","3","4",NA,"1","13",NA,"3"
"2","3","1","4","5","2",NA,"1","10","1",NA
NA,"7",NA,"9","5","2",NA,"1",NA,"3","9"
"4","5",NA,"11","4","2","3","1",NA,NA,"6"
"3","6",NA,"5","5","2",NA,"1",NA,NA,"4"
"4","3",NA,"9","5","3","5","1","10",NA,NA
"3","1","2","6","5","2","3","1","15",NA,NA
NA,"5",NA,"5","5","3","5","1","11","3",NA
"3","3",NA,"6","5","3","3","1","6",NA,NA
"2","4","6","6","5","2",NA,"1","3","3","4"
"2","6","3","3","4","2","5","1",NA,"2","3"
NA,"7","2","6","5","2",NA,"1",NA,NA,"4"
NA,"2","4","5","4","2","5","1","5",NA,NA
"3","6","2","7","5","2",NA,"2",NA,"3","3"
"3","3","4","6","5","2","5","1","5","3",NA
"3","5","2","7","5","2","3","1","9",NA,"5"
"3","1","4","9","5","2","5","1","3",NA,NA
NA,"5",NA,"4","5","4",NA,"2","12",NA,NA
"3","2","2","2","5","2",NA,"1","2",NA,NA
"5","1","2","5","5","1",NA,"1",NA,"3",NA
"3","5","1","8","5","2","6","1",NA,NA,"5"
"5","4",NA,"10","5","2","5","1",NA,NA,NA
"2","5",NA,"5","3","2","3","1",NA,NA,"5"
"2","3","1","8","5","1","4","1",NA,"3",NA
"4","5","3","5","5","1",NA,"1",NA,"3","3"
"2","3",NA,"6","5","3",NA,"1","8",NA,NA
NA,"4","3","5","5","2","4","1","6","3",NA
"1","5","3","1","4","2",NA,"1","7",NA,"4"
NA,"5",NA,"6","3","2",NA,"1","7",NA,"3"
NA,"1","2","6","5","1","3","2",NA,"3",NA
NA,"7","2","5","5","2",NA,"1",NA,"1","4"
"5","1","2","6","5","1","3","1","3","3",NA
NA,"7","1","8","5","2",NA,"1",NA,NA,"3"
"2","6","1","4","5","2",NA,"1","11","1","5"
NA,"5",NA,"7","4","2","3","1",NA,"3","6"
NA,"6","3","6","5","2",NA,"1",NA,"3","4"
"3","4","4","8","5","2","3","2","6","3",NA
"4","6",NA,"10","5","2","5","1",NA,NA,"7"
"2","1","2","4","4","2","5","1","11",NA,NA
NA,"3",NA,"4","1","1",NA,"1",NA,"1","3"
"2","7","1","5","5","1","4","1",NA,"1","5"
NA,"4","1","3","5","2",NA,"1","14",NA,NA
NA,"1","2","5","5","2",NA,"1","4",NA,NA
NA,"6",NA,"9","5","3","3","1",NA,NA,"5"
NA,"1","2","3","5","2",NA,"1","2",NA,NA
NA,"6","4","3","5","3",NA,"2","14",NA,"3"
"2","2","1","7","5","1","5","1",NA,"3",NA
NA,"4",NA,"16","5","2","3","1",NA,"1","2"
"3","4",NA,"8","4","3","6","1","8","3","10"
"5","5",NA,"5","4","2",NA,"1",NA,"3","4"
"2","3","3","5","5","2","3","1","9","1",NA
NA,"5","3","7","5","3",NA,"1","7","3",NA
NA,"5",NA,"10","4","2","4","1",NA,NA,"6"
"5","7","3","5","5","3",NA,"1","10","3","3"
"3","5",NA,"9","5","2","6","1",NA,"1","7"
NA,"5","1","4","5","1",NA,"1",NA,NA,"5"
"4","1",NA,"6","4","2","4","1","8","3",NA
"3","1","5","6","4","1","2","1",NA,"3",NA
NA,"5",NA,"10","5","2","5","1",NA,"3","13"
"4","7",NA,"6","5","3",NA,"1","14",NA,"6"
NA,"1","2","4","5","1","5","1","2",NA,NA
"3","1","2","3","5","2","6","1","9",NA,NA
"3","5","2","6","5","2",NA,"1",NA,NA,"3"
NA,"2","2","3","5","1",NA,"1","2",NA,NA
"2","5",NA,"4","5","3",NA,"1","6","3","5"
NA,"6",NA,"9","5","2","3","1",NA,"1","3"
NA,"6",NA,"7","5","4","3","1","11","3","4"
"2","6",NA,"8","5","2",NA,"1","9","3","5"
"3","5",NA,"8","5","2","5","1","14",NA,NA
NA,"5",NA,"5","2","3",NA,"1","9","3","5"
"3","3","2","4","5","1","5","1",NA,NA,"6"
NA,"2",NA,"6","5","4","4","1","11","1",NA
"3","3",NA,"3","5","3",NA,"1","12",NA,NA
"4","3",NA,"10","5","3","6","1","8","3",NA
"3","4",NA,"4","2","2","2","1","9",NA,"4"
"1","4",NA,"9","5","3",NA,"1","8",NA,NA
NA,"7","2","6","5","2","6","1",NA,NA,"4"
"2","7","2","7","5","2",NA,"1","12","2","5"
"1","5",NA,"3","1","2","2","1",NA,"3","4"
NA,"1",NA,"3","5","3",NA,"1","8",NA,NA
"2","5","1","4","5","1",NA,"1",NA,"3","7"
NA,"5",NA,"6","5","4",NA,"1","10",NA,NA
"3","3","4","6","5","2",NA,"1",NA,NA,NA
"3","3","5","7","5","2","5","1","4","2",NA
NA,"5","4","7","5","3",NA,"1","13","2","7"
NA,"5",NA,"6","4","3",NA,"1","11","2","5"
"1","1","1","1","4","2","6","1","4","3",NA
NA,"3","2","3","5","2","5","1","11",NA,NA
"4","2","3","5","5","1","5","1",NA,"3","11"
NA,"3","4","8","5","2","5","2","6","3",NA
NA,"4","1","5","5","1","3","1",NA,"3","6"
NA,"4","4","7","5","2","6","1",NA,NA,NA
"3","5","2","4","4","2",NA,"1","5","3","10"
NA,"4","3","4","5","2",NA,"1","12",NA,NA
"5","6","1","7","5","1","3","1",NA,NA,"5"
"4","3","4","6","5","2","3","1","6","3","6"
NA,"3","2","4","5","2",NA,"1","12","2",NA
"3","6","2","7","5","2",NA,"1",NA,"3","5"
NA,"6","2","7","5","2",NA,"1",NA,NA,"5"
"3","4",NA,"9","5","3",NA,"1","11","3",NA
NA,"1","1","4","5","2","3","1","11",NA,NA
NA,"7",NA,"6","5","4",NA,"1","8",NA,NA
"3","3",NA,"8","5","3","3","1","8","3",NA
"2","6","1","4","5","1",NA,"1",NA,NA,"3"
"3","3",NA,"13","5","2","3","1",NA,NA,NA
"2","4",NA,"6","3","2","5","1","7",NA,"2"
"4","6",NA,"7","5","2",NA,"1",NA,"3","4"
"2","1",NA,"4","4","2",NA,"1","4","3",NA
NA,"7",NA,"12","5","1","6","1",NA,"1","10"
"5","5",NA,"10","5","2","5","1",NA,"3","7"
NA,"2",NA,"10","5","3",NA,"1","7","3",NA
"3","5",NA,"13","5","2","6","1",NA,"2","10"
NA,"1",NA,"4","2","3","2","1","8","1",NA
NA,"4",NA,"9","5","4","5","1","8",NA,NA
"3","1","2","7","5","2","3","1","8",NA,NA
"2","3","1","5","5","2",NA,"1","13",NA,NA
NA,"7",NA,"7","4","2","5","1",NA,"1","6"
NA,"4",NA,"4","5","3","3","1","10","3","9"
NA,"2","4","6","5","2","4","1","5",NA,NA
"6","3",NA,"7","4","2","5","1","7","3",NA
NA,"1","3","5","5","2","5","1","3",NA,NA
"3","1","1","1","5","1",NA,"1","3",NA,NA
"6","6",NA,"12","5","4","3","1","10",NA,"5"
"4","5","4","8","5","2",NA,"1",NA,"3",NA
"5","5",NA,"7","5","3",NA,"1","9","3","6"
NA,"4",NA,"6","5","2",NA,"1","11","2",NA
"2","2","1","4","5","2",NA,"1","10","3",NA
"2","3","1","3","4","1",NA,"1",NA,"1",NA
"2","1","2","5","5","2","1","1","14","2",NA
NA,"5","4","6","5","2",NA,"1","4","3","4"
"1","5",NA,"4","3","2",NA,"1",NA,"1","4"
NA,"5",NA,"7","5","4","5","1","13","3",NA
NA,"7",NA,"7","5","2",NA,"1",NA,NA,"8"
NA,"1",NA,"6","5","2","3","1","9",NA,NA
"1","1",NA,"6","5","3","3","1","12",NA,NA
NA,"1",NA,"6","5","3","3","1","7",NA,NA
"2","1","4","1","5","2","5","1","4","3",NA
NA,"3","3","8","5","1","3","1",NA,"3",NA
NA,"4","3","10","5","2","4","1","8",NA,NA
NA,"1","1","3","5","1",NA,"1","3","3",NA
NA,"3","1","6","5","2",NA,"1","5","3","5"
"3","7","2","5","5","2",NA,"1",NA,"3","4"
NA,"6","1","4","5","1","4","1","9",NA,"3"
"2","4","1","5","5","2",NA,"1",NA,"1",NA
NA,"6","2","6","5","2",NA,"1",NA,NA,"3"
"4","4",NA,"9","4","2","6","1",NA,"3","13"
NA,"5",NA,"4","4","3","2","1","11","1","3"
"1","4","2","7","5","2","4","1",NA,NA,"3"
NA,"7",NA,"6","5","2","3","1",NA,NA,"3"
NA,"5",NA,"6","5","4",NA,"1","9",NA,NA
NA,"3",NA,"8","5","4","3","1","9",NA,NA
NA,"7","1","7","5","2",NA,"1",NA,"3","4"
"3","6",NA,"10","5","2","5","1",NA,NA,"2"
NA,"4",NA,"6","5","4","3","1","11",NA,NA
"4","1","3","4","5","1","6","1","3",NA,NA
"4","5",NA,"7","5","2","3","1",NA,NA,"2"
"3","5",NA,"6","5","3",NA,"1","11","3","10"
NA,"4","4","5","5","1",NA,"1",NA,NA,"4"
NA,"1","4","4","5","2","3","1","3",NA,NA
"2","4","3","3","5","1",NA,"1",NA,"3","5"
"3","7","1","8","5","2","5","1",NA,"1","8"
NA,"5",NA,"6","5","2",NA,"1","7",NA,NA
"3","5",NA,"8","5","2","5","1","15",NA,NA
NA,"1","1","4","5","2","3","1","9",NA,NA
"5","5","2","9","5","1","4","1",NA,"3","8"
NA,"5",NA,"2","5","3",NA,"1",NA,"1","3"
"3","5","4","5","5","2",NA,"1",NA,"3","7"
"3","1",NA,"11","5","2","5","1","5","3",NA
"5","7","2","8","5","2","3","1",NA,"3","4"
NA,"2",NA,"14","5","2","3","1",NA,"2",NA
NA,"2","1","3","5","3","3","1","8","3",NA
NA,"6","2","5","5","1",NA,"1",NA,"1","3"
"3","1","2","3","5","1","3","1","3","3",NA
NA,"1","1","4","5","2","3","1","6","3",NA
"3","4","5","6","5","2","3","1","5","1","2"
NA,"2",NA,"3","2","2","3","1","7","1","2"
"1","4","1","1","5","1","3","1","4","3","3"
NA,"7",NA,"4","5","3",NA,"1","14","2","4"
"2","4","3","8","5","1","5","1",NA,NA,"4"
"3","6",NA,"5","5","3","3","1","10","2","5"
NA,"1","2","2","5","1",NA,"1",NA,"3",NA
NA,"5",NA,"11","5","2",NA,"2",NA,"3","9"
"3","7","1","5","5","2",NA,"1","15",NA,"7"
NA,"4",NA,"6","5","3","6","1","6",NA,NA
"2","5",NA,"3","5","3",NA,"1","12","2",NA
NA,"3",NA,"6","4","3","3","1","7","3",NA
"3","7","3","9","5","2","6","1",NA,NA,"13"
NA,"5",NA,"9","3","3","3","1","9","3","6"
"4","6",NA,"8","4","2","6","1",NA,NA,"13"
NA,"3",NA,"4","2","2","2","1","7","3","4"
NA,"2","2","7","5","2","6","1","9",NA,NA
"2","1",NA,"5","5","3","3","1","11","2",NA
NA,"2",NA,"6","4","3","2","1","11","1",NA
"3","7",NA,"9","5","2","5","1",NA,"1","13"
"3","5",NA,"9","5","3","4","1","7",NA,NA
"3","3","5","8","5","2","5","1","4",NA,NA
"1","4","7","5","5","1","1","1",NA,NA,"3"
"4","6",NA,"9","5","2",NA,"1",NA,NA,"8"
NA,"1","2","2","5","1",NA,"2","2",NA,NA
NA,"5","3","5","5","1","5","1",NA,NA,"4"
NA,"3","1","4","5","1","3","1","5",NA,"3"
"3","5",NA,"9","5","2","4","1",NA,NA,"5"
"4","3","4","9","4","2","5","1","6",NA,NA
"3","1","2","7","5","1","3","1",NA,NA,NA
"5","3","2","5","5","3",NA,"1","7","3",NA
NA,"4",NA,"4","1","2","2","1",NA,NA,"4"
NA,"5","4","8","5","2","3","1",NA,"3","5"
"2","7",NA,"5","5","3",NA,"1","14","2","2"
"5","5",NA,"9","5","2",NA,"1","7",NA,NA
NA,"1","1","3","5","1",NA,"1",NA,"3",NA
NA,"3",NA,"14","4","2","7","1",NA,NA,NA
NA,"5","1","6","5","2",NA,"1",NA,NA,"3"
NA,"6",NA,"5","5","3",NA,"1","13","1","2"
NA,"6",NA,"7","5","4",NA,"1","8","2",NA
"3","6","1","3","5","1",NA,"1",NA,"3","13"
"2","4","3","5","4","2",NA,"1","6",NA,"4"
NA,"2","2","3","5","2",NA,"1","4",NA,NA
"3","3","2","6","5","1",NA,"1",NA,NA,"4"
NA,"4","1","1","4","1",NA,"1","6","3","11"
"4","5","3","4","5","2","3","1",NA,NA,NA
"4","6",NA,"7","5","3","3","1","11","3",NA
NA,"7",NA,"5","5","3",NA,"1","14","1","5"
NA,"1","1","1","5","1","5","1","3","3",NA
"3","4",NA,"11","5","4","2","1","8","3",NA
NA,"5",NA,"8","5","2","5","1",NA,"3","5"
"4","6",NA,"12","5","4","3","1","13","1",NA
NA,"7","2","4","5","2",NA,"1",NA,"3","4"
NA,"7",NA,"10","5","3","6","1",NA,NA,"8"
NA,"6","1","7","5","1",NA,"1",NA,"1","4"
"3","1",NA,"6","5","2",NA,"1","4",NA,NA
"2","1",NA,"5","4","2","6","1","4","3",NA
"3","4","2","5","5","1","5","2",NA,NA,"4"
NA,"4","3","4","3","1",NA,"1","7","3","5"
NA,"4",NA,"4","3","3",NA,"1","10",NA,NA
"3","1",NA,"7","5","2","3","1","4",NA,NA
"3","2",NA,"6","5","4","2","1","11","1",NA
"3","4",NA,"9","5","2","7","1",NA,"3","8"
NA,"1",NA,"4","4","2","5","1","3",NA,NA
"2","7",NA,"9","5","2","5","1",NA,"1","3"
"3","7",NA,"8","5","2","3","1",NA,NA,"3"
"4","3",NA,"2","5","3",NA,"1","9","3",NA
NA,"3","2","1","5","3",NA,"1","8","3",NA
NA,"3","2","6","5","2",NA,"1",NA,NA,NA
NA,"3",NA,"6","2","2","3","1",NA,"3","3"
NA,"3","2","5","5","2",NA,"1","9","3",NA
"1","5","2","4","5","2",NA,"1","14","1",NA
NA,"1","2","2","4","2","5","2","3","3",NA
"2","1","1","6","5","2","3","1","4","3",NA
NA,"5",NA,"8","5","2","6","1",NA,NA,"6"
NA,"1",NA,"7","5","2","3","1","10",NA,NA
NA,"5","1","5","5","1","3","1",NA,NA,"4"
"2","5","1","3","4","1",NA,"1",NA,"3","4"
NA,"6",NA,"6","5","3",NA,"1","11","3","5"
NA,"5","2","6","5","2","6","1","9",NA,"4"
"4","5",NA,"12","5","4","4","1","9","2","3"
"2","7",NA,"5","4","3",NA,"1","13",NA,"4"
NA,"6",NA,"8","5","4",NA,"1","12","1",NA
NA,"1","1","5","5","2",NA,"1","7","1",NA
"4","5",NA,"9","3","2","5","1",NA,NA,"5"
"4","5",NA,"8","5","4","4","1","11","1",NA
"4","3",NA,"8","5","2",NA,"1",NA,NA,NA
NA,"5","3","8","5","1",NA,"1",NA,NA,"3"
NA,"4",NA,"8","5","3",NA,"1","8",NA,NA
"2","5","1","6","4","2",NA,"1",NA,NA,"3"
NA,"7","1","4","5","2",NA,"1","14",NA,"3"
"3","4","5","5","5","2","3","1","6",NA,NA
"4","4","5","9","5","2",NA,"1",NA,"2",NA
NA,"3",NA,"9","5","2","6","1","7","3",NA
NA,"5","3","6","5","2","4","1",NA,"3","6"
"2","4",NA,"5","4","2",NA,"1","7","2","2"
"3","7","1","7","5","1","2","1",NA,"1","2"
NA,"5",NA,"6","5","2",NA,"1","8",NA,"4"
"2","5","2","3","2","2","5","1",NA,"1","3"
"3","7","2","8","5","2","3","1",NA,NA,"3"
"4","5",NA,"12","5","2","3","1",NA,"1","4"
NA,"2","1","4","5","2","3","1","10","1",NA
NA,"7",NA,"9","5","3","4","1","13",NA,"3"
"3","5",NA,"6","5","3",NA,"1","8",NA,NA
"3","6","3","4","5","2","3","1",NA,NA,"3"
"2","2",NA,"4","5","3","3","1","9",NA,NA
NA,"1","1","1","5","1",NA,"1",NA,NA,NA
"3","6",NA,"6","5","3","3","1","12",NA,"4"
"2","4","2","1","5","2",NA,"1",NA,NA,NA
"4","6",NA,"10","5","2","3","1",NA,"3","5"
"3","4",NA,"10","5","2","5","1","6","2",NA
"4","1",NA,"8","5","2","5","1","3",NA,NA
NA,"7","2","8","5","2",NA,"1",NA,"1","3"
NA,"7","2","6","5","2","5","1",NA,"1","7"
NA,"2","3","5","5","2","3","1","7","3",NA
"2","6",NA,"8","5","3",NA,"1","11",NA,"4"
"2","2","2","5","5","2","3","1","9",NA,NA
NA,"5",NA,"7","5","2","6","1",NA,"2","7"
"3","5",NA,"8","5","2",NA,"1",NA,NA,"7"
NA,"7",NA,"4","2","3",NA,"1","13",NA,"4"
"3","4","2","6","5","2","3","1","9","1","4"
"3","5",NA,"11","5","4","3","1","8",NA,NA
NA,"3",NA,"6","5","4","5","1","8","3",NA
"2","7","1","4","5","1",NA,"1",NA,"3","5"
"3","7","2","6","5","2",NA,"1",NA,NA,"3"
NA,"3","1","2","5","2",NA,"1","9",NA,NA
NA,"5","2","6","5","2","3","1",NA,"3","6"
"2","6",NA,"6","5","3","2","1","8",NA,"5"
"3","2",NA,"12","5","2","5","1",NA,NA,NA
NA,"2",NA,"6","5","3","6","1","11","3",NA
NA,"7","1","6","5","2",NA,"1",NA,"1","7"
NA,"6",NA,"9","5","2","3","1",NA,"3","5"
"2","3","1","1","5","1",NA,"1","5",NA,NA
NA,"4","3","9","5","1","3","1",NA,NA,"3"
NA,"2","3","9","5","1","3","1",NA,"3",NA
NA,"5",NA,"5","5","3",NA,"1","12",NA,NA
"2","2","1","4","5","2",NA,"1","14","1",NA
NA,"1",NA,"12","5","3","5","1","4","3",NA
"1","5","1","4","5","2","7","1",NA,NA,"4"
"3","7",NA,"12","5","2","2","1",NA,NA,"9"
"3","3","2","5","5","2","5","1","3","3","6"
"2","3",NA,"7","4","2","5","1",NA,"3",NA
NA,"3",NA,"6","5","2","3","1","5",NA,NA
NA,"3","2","10","5","2","5","1","3",NA,NA
NA,"5",NA,"7","5","3","4","1","11",NA,"7"
"2","4","1","2","5","2",NA,"1","11","1","3"
"3","7","1","8","5","2",NA,"1",NA,NA,"9"
NA,"3",NA,"6","5","3",NA,"1","9",NA,NA
"2","4","3","8","5","2","6","1",NA,NA,"4"
NA,"4",NA,"9","5","2","3","1",NA,"1",NA
NA,"5","1","8","5","2","3","1",NA,"3","5"
"3","5","2","5","5","2",NA,"1","14","1","5"
"3","5","2","8","5","2","5","1",NA,"1",NA
NA,"3",NA,"5","5","2","2","1","4",NA,NA
NA,"3",NA,"16","5","4","3","1","10","2",NA
"3","1",NA,"8","5","3","3","1","7","3",NA
"3","4","2","4","5","1",NA,"1",NA,NA,"2"
NA,"5",NA,"6","5","2",NA,"1",NA,NA,NA
NA,"5","1","1","5","2",NA,"1","9",NA,"4"
NA,"3","2","4","5","1",NA,"1",NA,NA,NA
"3","6","3","6","4","2",NA,"1",NA,"3","4"
"3","1","2","6","5","1","3","1",NA,"3",NA
"3","4","4","4","4","2",NA,"1","8",NA,"4"
"5","6","2","5","4","2",NA,"1","12","1","4"
NA,"3",NA,"5","5","4",NA,"1","9","3",NA
NA,"4",NA,"9","5","2","7","1",NA,"3","6"
NA,"5","2","4","4","2",NA,"1",NA,"3",NA
NA,"3","1","3","5","1",NA,"1",NA,"3",NA
"4","5",NA,"10","4","2","5","1",NA,"3","5"
NA,"3","1","8","5","2","6","1",NA,NA,NA
"2","6","1","2","5","3",NA,"1","10",NA,"4"
"3","4","2","6","5","2","3","1","10",NA,NA
NA,"5",NA,"11","5","2","6","1",NA,NA,"3"
"2","6","5","4","5","2",NA,"1","6","3","5"
NA,"7",NA,"6","5","3",NA,"1","11","3","8"
NA,"2","1","1","4","2",NA,"1","17","1",NA
"3","5","1","4","4","1",NA,"1",NA,NA,"10"
"4","4","4","6","5","2","3","1","5","3",NA
"3","6","1","5","5","2",NA,"1","13","1","3"
"3","3","1","8","5","1",NA,"1",NA,"3",NA
NA,"3","3","4","5","3","3","1","8",NA,NA
"3","7",NA,"6","5","3",NA,"1","11",NA,"4"
"3","7","2","7","5","2","3","1",NA,"1","5"
"2","3","1","4","5","1",NA,"1",NA,"3",NA
"2","6","2","7","5","2","5","1",NA,NA,"3"
"2","1","2","4","5","2",NA,"1",NA,"3",NA
"3","5","5","6","5","2",NA,"1",NA,NA,"5"
NA,"7","2","6","5","2",NA,"1",NA,"3","7"
NA,"5",NA,"6","5","2",NA,"1",NA,"2","4"
"3","4",NA,"6","2","2","5","1","10","3","3"
"3","7",NA,"6","3","3",NA,"1",NA,"3","5"
"3","4","2","4","5","2",NA,"1","9",NA,"7"
"2","3","1","2","5","1",NA,"1",NA,"3",NA
NA,"1","3","5","5","2",NA,"1","5",NA,NA
NA,"3",NA,"9","2","2","4","1",NA,NA,NA
NA,"7",NA,"8","5","2","3","1","14","1","4"
"2","1",NA,"6","5","2",NA,"1","9","1",NA
"3","3","2","4","5","2","3","1","8","3",NA
"4","1","5","7","5","2","4","1","7","3",NA
"3","4","5","6","5","2","3","1","5","3","8"
"3","5",NA,"8","5","2",NA,"1",NA,NA,"8"
"2","1","1","4","5","1","5","1",NA,NA,NA
NA,"4",NA,"9","5","2","4","1",NA,NA,NA
NA,"2","2","3","5","1",NA,"1",NA,NA,NA
"2","1","1","5","5","2","4","1","5",NA,NA
NA,"5","1","4","5","2",NA,"1",NA,"1",NA
NA,"2","1","3","5","1",NA,"1",NA,NA,NA
"1","2","2","8","5","1",NA,"1",NA,"3",NA
NA,"3","1","4","4","1",NA,"1",NA,NA,NA
NA,"4",NA,"9","5","2","4","1",NA,"3","3"
NA,"2","2","3","2","1","2","1",NA,"3","3"
"3","4",NA,"8","4","2",NA,"1",NA,"1","7"
NA,"3","2","1","5","1",NA,"1","2","3",NA
NA,"5","3","8","5","2","5","1",NA,NA,NA
"3","5","2","5","5","2",NA,"1",NA,NA,"4"
"1","2","2","3","5","1","5","1",NA,"3",NA
"2","2","1","4","5","1",NA,"1","11","1",NA
"3","3",NA,"7","5","3","3","1","8","1","4"
"5","7",NA,"11","5","2","3","1",NA,"1","7"
NA,"5",NA,"10","4","2","3","1",NA,"3","9"
NA,"1",NA,"8","5","2",NA,"1","3",NA,NA
"3","6",NA,"16","5","2","7","1",NA,"1","4"
"2","6","1","6","5","2","3","1",NA,NA,"3"
"2","7",NA,"6","5","3",NA,"1","11","3","5"
"3","5","2","6","5","2",NA,"1",NA,"3","7"
"3","5","1","8","5","2","3","1",NA,NA,"3"
"7","6",NA,"8","5","3","6","1","9","1","2"
"3","1","2","4","5","1",NA,"1","2",NA,NA
NA,"5",NA,"5","5","4","3","1","8",NA,NA
"4","3","2","5","5","2","4","1",NA,NA,NA
NA,"5","3","6","5","2","3","1",NA,"3","5"
"5","6",NA,"6","3","2","3","1",NA,"3","3"
NA,"6",NA,"8","5","3",NA,"1","12",NA,"4"
"3","3","2","5","5","2","3","1","5","3",NA
NA,"2",NA,"11","5","3","6","1","9","3",NA
"2","6",NA,"14","5","2","3","1",NA,"1","3"
"6","3","2","6","4","1",NA,"1",NA,NA,NA
NA,"4",NA,"4","2","1","3","1",NA,NA,"4"
NA,"1","2","3","4","2",NA,"1","5","2",NA
"2","5","1","1","5","3",NA,"1","14","1","6"
NA,"2",NA,"3","5","3","3","1","8","3",NA
NA,"6","2","8","5","2",NA,"1",NA,NA,"7"
"5","5","4","7","4","1","2","1",NA,"3","4"
"5","4",NA,"5","2","2","4","1","9","3","3"
"2","1","5","5","5","3","3","1","4",NA,NA
NA,"4",NA,"12","5","3","3","1","11","3",NA
NA,"1","1","3","5","2",NA,"1","9",NA,NA
"3","4","2","6","5","2",NA,"1","12","1",NA
NA,"4","3","7","5","2","5","1","7","3",NA
NA,"5",NA,"7","5","2","3","1",NA,"2","2"
NA,"7","2","5","5","2",NA,"1",NA,"2","2"
NA,"5",NA,"6","5","3",NA,"1","10","3","3"
"3","3","2","7","5","2","4","1",NA,NA,NA
NA,"6",NA,"9","5","3","3","1","12",NA,NA
NA,"6",NA,"8","5","3",NA,"1","11",NA,"7"
"2","6",NA,"4","5","3","3","1","12","3","5"
NA,"5",NA,"8","5","2",NA,"1","8",NA,"13"
NA,"4",NA,"9","4","2","5","1",NA,NA,"7"
NA,"7",NA,"6","5","3","4","1","11",NA,"6"
"2","5","1","6","5","2",NA,"1","10",NA,NA
NA,"3","2","4","4","1",NA,"1",NA,NA,NA
"4","4",NA,"5","4","2","2","1",NA,NA,NA
"5","4",NA,"10","5","2","3","1",NA,"3",NA
NA,"5","2","3","5","2","3","1","12","3","4"
"4","1",NA,"13","5","2","6","1",NA,NA,NA
NA,"5",NA,"7","5","2","5","1","11",NA,NA
NA,"6",NA,"7","5","3",NA,"1","10","2","3"
NA,"3","1","3","5","1",NA,"1",NA,"3","4"
"2","4","4","7","5","1","4","1",NA,"2","5"
"2","7","1","5","5","2",NA,"1","12",NA,"4"
NA,"3","4","5","5","2",NA,"1","4",NA,NA
"3","3","2","5","5","2","3","1","6","3",NA
NA,"3","1","3","5","2","3","1","16",NA,NA
"2","2","3","5","3","2","5","1","7","3","5"
NA,"4",NA,"6","2","3","3","1","8",NA,"4"
"1","6","2","6","5","2","3","1",NA,NA,"3"
"3","7","3","7","5","2","6","1",NA,"1","5"
NA,"4","1","2","5","2",NA,"1","15",NA,NA
NA,"5","2","5","5","2",NA,"1","15",NA,"6"
NA,"5","2","8","5","2","3","1",NA,NA,"3"
"3","4","2","5","4","1",NA,"1",NA,NA,"3"
"3","5",NA,"6","5","3",NA,"1","5","3",NA
"2","7",NA,"8","3","2","3","1",NA,"3","5"
"3","2","2","5","4","2","6","1","8","3",NA
"2","4","2","4","5","2",NA,"1","6",NA,NA
"2","6",NA,"6","5","3","3","1","12","1","3"
NA,"3","1","4","3","2","2","1","13","1","3"
"1","6","1","3","5","2",NA,"1","10",NA,"3"
NA,"5",NA,"8","5","4","3","1","10","3",NA
"1","5",NA,"7","5","3","3","1","10",NA,"4"
NA,"3",NA,"5","3","2","5","1",NA,"1","3"
"2","1","1","3","4","1","5","2","4","3",NA
"2","5",NA,"4","2","2","4","1",NA,NA,"3"
"3","3",NA,"16","5","3","5","1","8",NA,NA
"3","2",NA,"6","5","3","3","1","12","1",NA
"5","2","3","6","5","2","3","1","7","3",NA
"2","5","1","4","5","2",NA,"1","16",NA,"3"
"3","6",NA,"6","5","4",NA,"1","11","1",NA
"2","4","1","6","5","2","3","1",NA,"1","3"
NA,"3",NA,"4","2","2","2","1","4",NA,"2"
"2","1","3","6","5","2","3","1","5","3",NA
NA,"5",NA,"10","5","4","3","1","7",NA,NA
NA,"7",NA,"9","5","2","4","1",NA,NA,"4"
"3","7",NA,"10","5","2","3","1",NA,NA,"4"
NA,"5","5","8","5","2","4","1",NA,NA,"6"
NA,"5",NA,"14","5","2","5","1",NA,"3",NA
"4","6",NA,"7","5","3","5","1","11","2",NA
"2","5","1","1","5","2",NA,"1","17","1","3"
NA,"5",NA,"6","3","2","3","1",NA,"3","3"
NA,"7",NA,"8","5","2",NA,"1",NA,NA,"3"
NA,"7",NA,"7","5","2","2","2",NA,NA,"5"
"3","5",NA,"8","5","2","5","1",NA,"3",NA
"1","5",NA,"6","3","2",NA,"2","10","3","7"
NA,"4","2","14","5","1","4","1",NA,"3","5"
"4","6",NA,"9","5","2","5","1",NA,"3","3"
"2","7","2","5","5","2",NA,"1",NA,"1","4"
NA,"2","5","6","5","2",NA,"1",NA,NA,NA
"2","1","1","4","4","1",NA,"1","4","3",NA
NA,"6",NA,"12","5","2","5","1",NA,"1","3"
NA,"7","2","6","5","2",NA,"1",NA,NA,"4"
"3","3",NA,"8","5","2","5","1","5","3",NA
"3","3","3","4","5","1","4","1","3",NA,"3"
"2","7","2","8","5","2",NA,"1",NA,NA,"5"
NA,"1","2","4","5","1","6","1","4",NA,NA
NA,"6","2","9","5","2","3","1",NA,"3","8"
"3","1","2","4","5","2",NA,"1","3",NA,NA
NA,"7",NA,"8","2","2","5","1","12","1","3"
"7","7",NA,"8","5","2",NA,"1",NA,"3","4"
NA,"3","2","4","5","2","5","1","5","3",NA
"3","3",NA,"9","5","2",NA,"1",NA,"3",NA
NA,"5",NA,"7","5","2",NA,"1",NA,NA,"5"
NA,"3","3","7","5","2","3","1","7","3",NA
NA,"2","1","6","5","2","4","1","11",NA,NA
"3","7","3","6","5","2",NA,"1",NA,NA,"4"
"3","7","1","4","5","1",NA,"1",NA,"1","3"
NA,"4","4","8","5","2","5","1",NA,"3",NA
NA,"4","3","3","5","2",NA,"1","5","3","3"
NA,"1","2","5","4","1","3","1",NA,NA,NA
"2","2","2","6","5","2",NA,"1",NA,NA,NA
NA,"7","1","5","5","2","3","1",NA,"1","3"
NA,"3",NA,"4","5","3",NA,"1","14","1",NA
"7","6",NA,"9","5","4",NA,"1","14","3","7"
NA,"7","6","9","5","2","3","1",NA,"2","4"
"4","6",NA,"11","5","2","5","1",NA,"3","4"
"1","1","1","2","5","2",NA,"1","15","1",NA
NA,"1","3","4","5","2",NA,"1","4",NA,NA
"2","4",NA,"8","5","2","3","1","10","1",NA
NA,"6","2","5","5","2",NA,"1",NA,"3","5"
"5","1","4","10","5","1","3","1",NA,"3",NA
NA,"5","2","5","5","2","3","1","9","3","4"
"5","7",NA,"6","5","3",NA,"1","12","3","7"
"6","3",NA,"9","5","3","7","1","7","3",NA
NA,"5",NA,"9","5","2","3","1",NA,NA,"7"
NA,"2",NA,"9","5","2",NA,"1",NA,NA,NA
"2","3","1","6","5","2","3","1","8",NA,NA
NA,"5",NA,"4","2","2",NA,"1","12","1","3"
"4","7",NA,"10","5","2","3","1",NA,"1","4"
NA,"7","2","6","5","2",NA,"1",NA,"1","4"
NA,"4","1","5","5","2",NA,"1","10",NA,NA
"3","5",NA,"6","4","2",NA,"1",NA,NA,"7"
"3","1",NA,"4","5","3",NA,"1","2","1",NA
NA,"6","1","7","5","2","3","1",NA,"1","3"
NA,"7",NA,"10","5","3","6","1",NA,"3","13"
"4","7",NA,"7","4","2","3","1",NA,NA,"4"
"4","4","2","4","4","2",NA,"1","4",NA,"4"
"4","6",NA,"7","5","2","3","1",NA,NA,"4"
"3","7",NA,"8","5","2",NA,"1",NA,"3","3"
"3","1","2","3","5","1","3","1",NA,"3",NA
"3","3","3","5","4","1","3","1",NA,"1",NA
NA,"7","2","8","5","2","3","1",NA,NA,"5"
"4","5",NA,"10","5","3","3","1","10",NA,NA
NA,"5","2","8","5","2","3","1",NA,"3","6"
NA,"3","1","4","4","1","3","1",NA,NA,"4"
"2","4","1","2","5","1",NA,"1",NA,"3","7"
"3","4","3","4","5","2",NA,"1",NA,"3","5"
"3","5",NA,"7","5","2",NA,"1",NA,"3","6"
"2","1","2","3","5","2",NA,"1","11",NA,NA
"4","6","2","5","5","1",NA,"1",NA,"3","5"
"2","5","4","5","4","2",NA,"1","5",NA,"4"
"4","3","4","6","4","2","3","1","5","3","7"
NA,"7","7","8","5","2","4","1",NA,NA,"6"
NA,"6",NA,"6","3","2","3","2",NA,NA,"6"
"2","7",NA,"7","5","3",NA,"1","12","2","3"
"2","5","1","6","5","2",NA,"1","9","3","5"
NA,"3","2","3","5","2",NA,"1","4",NA,NA
"3","5","3","6","5","2",NA,"1","6",NA,"6"
"4","6",NA,"7","5","2",NA,"1",NA,"3","13"
"3","6",NA,"7","5","3","6","1","10",NA,"8"
NA,"7","2","4","5","2",NA,"1",NA,"2","4"
"4","4","4","7","5","1","4","1",NA,NA,"6"
"4","6","4","4","5","2",NA,"1",NA,NA,"5"
NA,"1","4","6","5","2","3","1","5",NA,NA
"4","5",NA,"7","5","2","6","1",NA,NA,NA
NA,"4","4","7","5","2",NA,"1",NA,"3",NA
NA,"5",NA,"10","4","2","6","1","7",NA,"7"
"2","5","1","5","5","1",NA,"1",NA,"3","4"
"4","5",NA,"10","5","2","6","1","8","3","12"
"3","7",NA,"8","5","3",NA,"1",NA,"3","9"
"4","3",NA,"6","5","3",NA,"1","6",NA,NA
"3","1","3","4","5","3","3","2","4","2",NA
"4","7","1","5","5","2",NA,"1",NA,"2","2"
"6","1","5","6","2","1","2","1",NA,"3","3"
"3","6",NA,"10","5","2",NA,"1",NA,NA,"13"
NA,"6",NA,"10","5","3","4","1","12",NA,"13"
"3","7",NA,"4","4","3",NA,"1","11","1","5"
NA,"4",NA,"6","5","2","4","1",NA,"3",NA
"3","1","3","8","5","2","3","1","11","3",NA
"3","2","3","7","5","1","2","1",NA,NA,"3"
"3","1",NA,"8","5","2","3","1","3","3",NA
"1","3","1","3","5","1",NA,"1",NA,NA,"4"
NA,"2","2","4","5","2",NA,"1",NA,"3",NA
NA,"7",NA,"14","5","2","5","1",NA,"1","5"
NA,"3","1","2","5","1",NA,"1",NA,"3","8"
NA,"3",NA,"5","5","4","2","1","9",NA,NA
"4","6",NA,"8","5","3","4","1","11","2","3"
"3","6","3","7","4","2",NA,"1",NA,"3","4"
NA,"6","1","6","5","2","6","1",NA,"3","4"
NA,"7","3","6","3","2","3","1",NA,"3","3"
NA,"3","3","5","5","2","3","1","7","3","5"
"2","3","1","4","5","2",NA,"1","8",NA,NA
"2","5",NA,"4","5","4",NA,"1","11","2",NA
"3","7","1","4","5","2",NA,"1",NA,"1","3"
"3","2",NA,"5","5","3","3","1","5",NA,NA
NA,"1","2","5","5","2","7","1","5","3",NA
NA,"4",NA,"6","2","2","3","1","8",NA,"4"
"2","4",NA,"6","5","3","3","1","16",NA,NA
"3","4","5","7","5","2",NA,"1","5","3",NA
"3","3",NA,"10","5","2","5","1","6","3",NA
"2","7","1","4","5","2","3","1","12",NA,"4"
"3","7",NA,"6","5","3",NA,"1","12","1","5"
"2","1","3","4","5","1","3","1",NA,NA,"4"
"2","7",NA,"8","5","2","6","1",NA,NA,"3"
NA,"5",NA,"17","5","2","5","1",NA,NA,NA
"2","4","3","8","5","2","4","1",NA,NA,NA
"5","5",NA,"5","1","2","4","1","4","3","4"
"3","1",NA,"5","5","3","6","1","8",NA,NA
"4","7",NA,"4","4","2","2","2",NA,"2","6"
NA,"2","1","4","5","1",NA,"1","3","3","8"
NA,"6","1","4","5","1",NA,"1",NA,NA,"5"
NA,"2","1","1","5","1","3","1","2","3",NA
NA,"7",NA,"8","5","3",NA,"1",NA,NA,"7"
"3","7","4","5","5","2","5","1","6","3","8"
NA,"4","1","4","5","2",NA,"1","9",NA,NA
"4","4",NA,"6","5","3",NA,"1","10","3",NA
"4","3",NA,"13","5","2","6","1",NA,NA,NA
"4","7",NA,"10","5","2","6","1",NA,NA,"4"
NA,"3",NA,"6","3","2","5","1",NA,NA,"9"
"1","1","1","3","5","1",NA,"1","13",NA,NA
"2","3","2","4","5","1",NA,"1",NA,"3",NA
"3","7",NA,"8","5","3",NA,"1","13","1","13"
NA,"4","1","2","4","1",NA,"1",NA,"3","3"
"2","5","3","6","5","2",NA,"1","8","3","5"
"1","2","1","5","5","2",NA,"1","13",NA,NA
NA,"7",NA,"7","5","2","6","1",NA,NA,"4"
"2","2","3","6","5","1","3","1",NA,"3",NA
"1","1","4","9","5","1","3","1","2","3",NA
NA,"3",NA,"10","5","2","3","1",NA,"1",NA
"3","7","2","3","5","2",NA,"1",NA,"1","2"
"2","6","1","3","5","2",NA,"1","10","1","3"
"3","2",NA,"7","4","3","3","1","10",NA,NA
NA,"6",NA,"6","4","2",NA,"1",NA,"1","5"
"2","3","1","6","5","1","3","1",NA,"3","4"
NA,"6","4","9","5","2","3","1",NA,NA,"7"
"3","1","1","5","5","2","7","1","10","3",NA
NA,"7","1","3","5","2",NA,"1","14","1","3"
"3","3","2","5","5","2","5","1","8","3",NA
"2","3",NA,"4","5","3","3","1","9","3",NA
"1","3",NA,"7","5","4","6","1","13",NA,NA
NA,"3",NA,"8","5","2",NA,"1","4",NA,NA
NA,"3","2","7","5","2","5","1","11","3",NA
NA,"2",NA,"4","3","2","2","1","7","3",NA
NA,"3","1","4","5","1",NA,"1","4",NA,NA
"2","6","2","4","5","3",NA,"1","15",NA,"5"
"3","4",NA,"8","5","2","3","1","5",NA,"7"
"3","4","2","6","5","2","3","1","4",NA,"4"
"3","3",NA,"18","5","3","4","1","12",NA,NA
"2","3","2","5","5","1","4","1",NA,NA,"3"
"2","5","1","4","4","1","6","1",NA,NA,"6"
"2","2","1","2","4","1","6","2","5",NA,NA
NA,"5","1","3","5","2",NA,"1",NA,"3","3"
"3","2",NA,"6","5","3","3","1","5","3",NA
"3","4","2","2","3","2",NA,"1","7",NA,"4"
"6","5","3","4","5","2",NA,"1","6","3","5"
"3","7",NA,"8","5","2","3","1",NA,"3","7"
NA,"1","2","5","5","1","6","1","3",NA,NA
NA,"2","1","4","3","1","3","1",NA,NA,NA
"2","5","1","4","4","2",NA,"1","13","1",NA
"3","7","2","6","5","2","3","1",NA,"2","4"
"4","5","3","7","5","2","4","1","7",NA,NA
"2","7","1","5","5","2","3","1",NA,"1","5"
"2","1","1","3","5","1",NA,"1",NA,NA,NA
NA,"4","6","5","5","1",NA,"1","4","3","4"
"3","3",NA,"7","5","3","5","1","5",NA,NA
"2","3","1","5","5","1","3","1",NA,NA,NA
"2","4",NA,"6","3","2","4","1","11",NA,NA
NA,"5","2","5","5","2","5","1","13",NA,"6"
NA,"1","3","4","5","2",NA,"1","2","3",NA
"4","6",NA,"8","5","3","4","1","7",NA,"13"
"4","4",NA,"7","5","3","3","1","11","3",NA
"3","7",NA,"16","5","3","2","1",NA,"1","3"
"3","4","2","4","4","2","3","1","8",NA,NA
NA,"5",NA,"6","5","3","4","1","8","1",NA
NA,"7","1","5","5","2",NA,"1",NA,"3","4"
"3","7",NA,"7","5","4",NA,"1","10","3","3"
NA,"7","2","6","5","2",NA,"1",NA,NA,"5"
"3","5","5","5","5","2",NA,"1",NA,NA,"3"
NA,"2",NA,"4","5","3","4","1","10",NA,NA
"3","5",NA,"8","4","2",NA,"1",NA,NA,"2"
"3","4","4","7","5","2","3","1",NA,"3",NA
"3","4",NA,"6","5","3",NA,"1","5","3",NA
"2","5","1","4","5","2","4","1","9","3","5"
NA,"7","1","5","5","1",NA,"1",NA,"1","8"
NA,"5","4","6","5","2","5","1",NA,NA,"6"
"4","3","2","4","5","1",NA,"1",NA,"3",NA
NA,"6",NA,"11","5","2","5","1",NA,"1","3"
NA,"5",NA,"12","5","4","3","1","11",NA,NA
NA,"4","6","7","5","2",NA,"1","5",NA,NA
NA,"4",NA,"5","5","4",NA,"1","12","3",NA
"4","5",NA,"9","5","2","7","1",NA,NA,NA
"2","3","2","7","5","1","5","1",NA,"3",NA
NA,"1",NA,"5","4","2","6","1",NA,"3",NA
"3","3",NA,"6","4","2",NA,"1","7",NA,NA
"2","7","1","3","3","1","2","1",NA,"1","2"
"3","5",NA,"11","5","2","6","1",NA,NA,"7"
"2","1","3","5","5","2","3","1","8","3",NA
NA,"7",NA,"7","5","2","3","1",NA,"1","4"
"3","4",NA,"9","5","2","5","1",NA,"3","6"
"5","6","3","6","5","2","6","1",NA,NA,"7"
NA,"5","4","6","5","2","5","1",NA,"3",NA
NA,"5",NA,"5","2","2","3","1",NA,NA,"5"
"3","5",NA,"7","5","3","3","1","11",NA,NA
"4","3","2","5","5","2",NA,"1","7","3",NA
NA,"6","5","6","5","2","4","1",NA,"3","6"
NA,"5",NA,"6","5","2",NA,"1","6","3",NA
"3","3",NA,"7","5","2","2","1",NA,NA,NA
NA,"1",NA,"6","5","3","2","1","8","2",NA
"2","4","3","4","5","2",NA,"1","4","3","3"
NA,"3","2","4","5","2",NA,"1","10","3",NA
"2","3","3","4","5","2",NA,"1","10",NA,NA
"2","1","1","4","5","1","3","1","4",NA,NA
"2","5",NA,"6","5","3","3","1","12",NA,"3"
NA,"3",NA,"12","5","2","2","1",NA,NA,NA
"2","5","1","5","5","1","4","1",NA,"3","5"
NA,"5",NA,"9","5","2",NA,"1","5","3",NA
NA,"2",NA,"4","4","2","6","1","5","3",NA
NA,"5","1","4","5","1",NA,"1",NA,NA,"3"
NA,"5",NA,"10","5","2","3","1",NA,NA,"7"
NA,"1","2","3","5","1","2","1","3","3",NA
NA,"3","1","6","5","1","5","1",NA,"1",NA
"2","7",NA,"8","5","3","6","1","13","3","5"
"3","2","2","6","5","2","5","1","12","3",NA
"3","4",NA,"12","5","2","3","1",NA,NA,"5"
NA,"2",NA,"5","5","4",NA,"1","12","1",NA
"4","6",NA,"9","5","2","3","1",NA,"3","7"
NA,"5","1","7","5","2","3","1",NA,NA,"3"
"3","2","2","5","5","2","6","1","6",NA,NA
"3","5",NA,"10","5","2","6","1","5","3","8"
NA,"3","4","4","4","2","4","1","5","3","4"
NA,"3","2","5","5","2",NA,"1","7",NA,NA
NA,"5","2","5","5","2","4","1",NA,NA,NA
"4","7","2","7","5","2","5","1",NA,"1","6"
"3","7","2","12","5","1","6","1",NA,NA,"4"
NA,"6",NA,"9","5","2","3","1",NA,NA,"4"
"4","5",NA,"8","4","2","2","1","8","3","6"
"3","7",NA,"5","5","2","3","1","10","3","6"
NA,"7",NA,"3","5","3",NA,"1","10","3","7"
"1","4","1","3","5","2",NA,"1","14","1","3"
NA,"6",NA,"8","3","2",NA,"1",NA,NA,"4"
NA,"3","2","6","5","2",NA,"1",NA,"2",NA
"3","5",NA,"10","5","2","6","1","10","3","6"
"2","1",NA,"6","5","3",NA,"1","9","3",NA
NA,"7","2","6","5","2",NA,"1",NA,NA,"5"
NA,"7",NA,"6","4","3","3","1",NA,NA,"4"
NA,"4",NA,"7","5","4",NA,"1","7",NA,NA
NA,"7","1","2","5","3",NA,"1","11",NA,"3"
"3","1",NA,"6","4","4","3","1","6","3",NA
NA,"3","5","6","5","1","5","1","5",NA,"3"
NA,"5","1","3","5","2","2","1",NA,NA,"3"
"2","4",NA,"6","5","3",NA,"1","12",NA,"6"
NA,"3","2","5","5","1","4","1",NA,"3","4"
NA,"5",NA,"9","5","3",NA,"1","7",NA,"8"
"2","4",NA,"16","5","2","5","1",NA,"2","4"
NA,"5","1","6","5","1","3","1",NA,NA,"3"
NA,"7",NA,"5","5","3","3","1","5","3","3"
"2","2","2","4","5","1","5","1","4","3","7"
NA,"1","3","5","5","1",NA,"1","3",NA,NA
NA,"5","1","7","5","1","3","1",NA,"3","3"
"3","5","6","6","5","1",NA,"1",NA,NA,"4"
"2","7","1","3","5","1",NA,"1",NA,"3","4"
"3","4","3","4","5","2",NA,"1","7",NA,NA
NA,"4",NA,"8","5","3","2","1","5","3","4"
NA,"3","1","3","5","2",NA,"1","11",NA,NA
"2","2","1","2","5","1",NA,"1",NA,"3",NA
"3","3","2","6","5","2","6","1",NA,NA,NA
"3","6","2","6","5","2",NA,"1",NA,NA,"4"
"2","3","1","7","5","1","6","1",NA,"3","6"
"4","6","2","6","5","2",NA,"1",NA,NA,"5"
NA,"6","6","7","5","2","5","1",NA,"3","7"
"2","2","1","5","5","1",NA,"1",NA,NA,NA
"4","1","3","7","5","2","5","1","6",NA,NA
"4","5",NA,"10","5","3","3","1","6",NA,NA
NA,"3","3","4","3","1","5","1",NA,"3","7"
"3","5",NA,"11","4","2","5","1",NA,NA,"13"
"1","3","1","3","5","2","6","1",NA,"3","5"
"6","7","4","7","5","2","5","1",NA,NA,"4"
"4","6","2","8","5","2",NA,"1",NA,NA,"6"
NA,"4",NA,"4","5","4",NA,"1","9","1",NA
NA,"3","3","8","5","2","6","1",NA,"3","7"
"2","1","1","6","5","1",NA,"1","3","3",NA
"2","7","2","5","4","2",NA,"1",NA,"2","3"
"3","1","2","6","5","1",NA,"1","3",NA,NA
"2","3","2","7","5","1","5","1",NA,NA,NA
NA,"5",NA,"10","5","3","5","1","8",NA,NA
"4","7",NA,"4","3","2",NA,"1","9",NA,"5"
NA,"2","2","5","5","1","3","1",NA,"3",NA
NA,"1","2","3","5","1",NA,"1","4",NA,NA
NA,"6","3","6","5","2",NA,"1",NA,"3","13"
"3","1","2","6","5","2","7","1","4","3",NA
NA,"1","2","6","5","2","2","1","15","1",NA
"3","5",NA,"7","5","4","3","1","11",NA,NA
NA,"4","2","4","5","2","3","1","10","2","3"
NA,"5","4","10","5","2","6","1",NA,"3",NA
NA,"6",NA,"5","5","3",NA,"1","14","1","4"
"2","1","1","5","5","1","5","1","6","3",NA
"1","1","1","2","5","1","3","1",NA,NA,NA
NA,"3","3","4","5","2",NA,"1","4","3","7"
NA,"7","1","5","5","2","3","1",NA,NA,"6"
"3","1","2","7","5","1","5","1",NA,NA,NA
NA,"7","1","8","5","2","3","1","12","1","3"
"6","5",NA,"11","5","2","3","1","7",NA,"9"
NA,"4",NA,"5","5","3",NA,"1","11","1",NA
NA,"6",NA,"4","2","2","3","1","9",NA,"3"
"2","1",NA,"7","5","3",NA,"1","7","3",NA
"2","1","1","3","5","1",NA,"1","3","3",NA
"2","7",NA,"6","5","2",NA,"1",NA,"1","3"
NA,"2","1","4","4","1","2","1","3",NA,NA
NA,"7",NA,"6","5","2","3","1",NA,NA,"4"
"2","2","1","4","5","3",NA,"1","9","3",NA
"3","7",NA,"9","5","2","6","1",NA,NA,"5"
"3","7","3","5","5","2",NA,"1",NA,"3","4"
NA,"2","1","5","5","2",NA,"1","13","1",NA
"3","5",NA,"12","5","2","3","1",NA,"2","2"
"1","1",NA,"3","5","4",NA,"1","11","1",NA
"1","4","3","6","5","2",NA,"1","5","3","5"
NA,"5",NA,"7","1","1",NA,"1",NA,NA,"3"
NA,"2",NA,"7","2","2","1","1","7","3",NA
"3","4","2","7","5","2","6","1","4",NA,"10"
"3","5",NA,"6","4","3",NA,"1","9","3",NA
"2","4","3","4","5","1",NA,"1",NA,NA,"4"
"2","5","3","7","5","2","5","1",NA,"3","4"
NA,"1","5","7","5","2","3","1","6",NA,NA
NA,"3",NA,"8","5","2","3","1","9","3",NA
"3","6",NA,"15","5","3","6","1",NA,NA,"11"
"2","3",NA,"2","5","4",NA,"1","16",NA,NA
"3","1","1","5","3","1","4","1",NA,NA,NA
NA,"5",NA,"11","5","3","5","1","9",NA,"13"
"3","2","6","7","5","1",NA,"1",NA,"3","6"
"3","7",NA,"10","5","2","5","1",NA,NA,"4"
"4","3",NA,"7","5","2","4","1",NA,"3",NA
"6","6","3","6","5","2",NA,"1",NA,"3","3"
NA,"7",NA,"7","5","2",NA,"1",NA,"1","4"
"1","7","1","3","5","2",NA,"1",NA,"3","8"
NA,"6","6","5","5","2",NA,"1",NA,"3","3"
NA,"5","3","5","5","1",NA,"1",NA,"3","4"
NA,"7","2","7","5","1","3","1",NA,NA,"3"
NA,"7","1","5","5","2","5","1",NA,"2","4"
NA,"5","3","4","3","2",NA,"1",NA,"3","6"
"5","3",NA,"17","5","2","5","1",NA,"3",NA
"3","3",NA,"8","4","2","6","1",NA,"3","10"
NA,"3","4","5","5","2",NA,"1","4",NA,NA
"1","7",NA,"11","5","2","3","1",NA,NA,"3"
NA,"1",NA,"4","2","3","2","1","7",NA,NA
"4","6",NA,"8","5","4","4","1","9",NA,NA
"2","5","1","3","5","1",NA,"1",NA,"3","5"
NA,"6","2","6","5","2","3","1",NA,NA,"2"
NA,"1",NA,"6","4","2","6","1","4","3",NA
NA,"6","2","4","5","1",NA,"1",NA,NA,"4"
"4","5","4","6","5","2","3","1",NA,"3","4"
"2","4","1","4","5","1","6","1",NA,"3","6"
"3","7","2","5","5","2",NA,"1",NA,"1","4"
NA,"1",NA,"5","5","4","3","1","10","3",NA
"6","6",NA,"8","5","2","4","1",NA,NA,"4"
"4","7",NA,"9","5","3","3","1",NA,"2","4"
NA,"3","3","6","5","2","5","1","9","3","3"
NA,"5","1","8","5","1","6","1",NA,"3","4"
NA,"3","1","4","5","1",NA,"1","5",NA,NA
"2","7","2","4","5","2",NA,"1",NA,NA,"3"
"1","1","2","1","5","3","3","1","14",NA,NA
NA,"4","1","4","5","2","2","1",NA,"1","3"
"2","4","5","4","4","2",NA,"1","13",NA,"3"
"2","5","1","7","5","2",NA,"1","9",NA,"4"
NA,"3","2","5","4","2",NA,"1","12",NA,"3"
"5","3",NA,"5","1","2","2","1","5","2","2"
NA,"4","2","5","5","2","1","1","7",NA,NA
"3","6","1","6","5","2","2","1",NA,NA,"3"
NA,"3","2","5","5","2",NA,"1","3",NA,NA
"4","6",NA,"9","5","2",NA,"1",NA,"3","8"
"2","4",NA,"8","3","2","6","1",NA,"3","6"
"4","4","4","5","5","2","3","1",NA,"3",NA
"1","7","1","4","5","2",NA,"1",NA,NA,"3"
NA,"6","2","7","5","2","3","1",NA,"1","4"
"4","4",NA,"5","5","3",NA,"1","5","1",NA
"4","4",NA,"4","4","2",NA,"1",NA,NA,"9"
"3","2",NA,"4","5","4",NA,"1","10",NA,NA
NA,"5",NA,"10","5","3","4","1","8","3",NA
"2","7",NA,"7","5","3","3","1",NA,"1","3"
"3","5","2","9","5","2","3","1",NA,NA,"3"
NA,"5",NA,"10","5","4","3","1","8",NA,NA
NA,"3","4","7","5","2","6","1",NA,"3",NA
NA,"3","1","4","5","1",NA,"1",NA,"2",NA
"3","1","2","3","5","2","6","1","3",NA,NA
NA,"4","1","4","5","1",NA,"1",NA,"3","4"
NA,"7","1","6","5","2",NA,"1",NA,NA,"4"
"3","3","2","4","5","2",NA,"1","12",NA,NA
NA,"1","3","5","5","1","5","1",NA,NA,"6"
NA,"4","4","8","5","1","2","2",NA,"3",NA
"4","5",NA,"7","5","4","5","1","10","3","5"
"4","5",NA,"6","3","2",NA,"1",NA,NA,"5"
"1","1","1","5","5","1",NA,"1","8",NA,NA
"3","7",NA,"5","5","3",NA,"1","14",NA,"3"
NA,"1","2","3","4","2",NA,"1","3","3",NA
"3","7","2","8","5","2","7","1",NA,NA,"7"
"2","6",NA,"4","1","2",NA,"1",NA,"1","2"
"4","7","2","8","5","2","5","1",NA,NA,"3"
"5","4","4","5","5","2",NA,"1","7",NA,NA
NA,"5","4","6","5","2","3","1","7",NA,"5"
"4","7",NA,"16","5","3","6","1",NA,NA,"6"
"3","7",NA,"10","5","2","5","1",NA,NA,"6"
NA,"7","1","5","5","2",NA,"1",NA,"1","3"
"3","3",NA,"4","4","2",NA,"1",NA,"3",NA
"3","3","6","8","5","2","3","1",NA,"3",NA
NA,"2","1","3","5","1","7","1",NA,"3","5"
"2","5","2","6","5","2","3","1",NA,"1","3"
"1","4","2","4","5","2",NA,"1","11",NA,"3"
NA,"7","2","11","5","1","4","1",NA,"3","3"
"3","1","2","5","5","2","3","1","3","3",NA
"2","3",NA,"2","5","3",NA,"1","14","1",NA
NA,"4","3","8","5","1","3","1",NA,NA,NA
"5","3",NA,"9","5","3","5","1","6","3",NA
NA,"5",NA,"10","5","3","6","1","7","3","6"
NA,"4","1","7","5","1","4","1",NA,NA,"4"
NA,"4","4","5","5","2",NA,"1","9","3",NA
NA,"4","2","5","5","2",NA,"1","4","3",NA
"5","5",NA,"8","4","2","7","1","7","3","10"
"4","5","4","8","5","2",NA,"1",NA,NA,"6"
"5","2",NA,"4","5","2",NA,"1","5","3",NA
"4","5",NA,"7","5","2","3","1",NA,"3",NA
NA,"7",NA,"14","5","2","5","1",NA,NA,"4"
"2","3","1","1","5","1",NA,"1","3","3",NA
NA,"3",NA,"11","5","2","6","1","6","3",NA
NA,"5",NA,"8","5","2",NA,"1",NA,"1","3"
"2","5","2","7","5","1","3","1",NA,"1","4"
NA,"7","1","5","5","2",NA,"1",NA,"1","3"
NA,"5","2","7","5","2",NA,"1","12",NA,"8"
NA,"5",NA,"5","5","3",NA,"1","16",NA,"4"
"1","7",NA,"8","5","3",NA,"2","10","1","3"
"4","4","2","6","5","2","5","1","13","1",NA
NA,"7",NA,"6","5","3",NA,"1",NA,NA,"5"
"2","4","1","5","5","1","3","1",NA,NA,NA
NA,"5",NA,"6","5","4","4","1","9","1",NA
"3","5","2","10","5","1","5","1",NA,"3","5"
"3","6",NA,"12","5","2","3","1",NA,NA,"13"
"2","1",NA,"9","4","3","3","1","12","3",NA
NA,"6",NA,"6","5","3","3","1","10",NA,"4"
"3","1","2","5","5","3","5","1","5",NA,NA
"3","1","3","5","5","1",NA,"2","2",NA,NA
NA,"7",NA,"10","4","2",NA,"1",NA,NA,"7"
NA,"5","1","5","5","2","4","1",NA,NA,NA
"2","4","1","5","5","1",NA,"1",NA,NA,"5"
NA,"7",NA,"8","5","3",NA,"1",NA,NA,"6"
NA,"5",NA,"5","4","3","3","1","11","3","5"
"1","4","1","3","4","2",NA,"1","10","1","2"
"2","7",NA,"7","5","3",NA,"1","12","1","4"
"1","3","1","4","5","1","3","1",NA,"3","4"
NA,"7","2","8","5","2","3","1",NA,NA,"4"
NA,"5",NA,"9","5","2","5","1","11",NA,"4"
NA,"7",NA,"9","2","1","2","1",NA,"1","3"
"4","5","1","6","5","1","5","1",NA,NA,"4"
NA,"5","4","6","5","2",NA,"1","6",NA,"8"
NA,"5",NA,"5","5","2",NA,"1",NA,"1","3"
"3","6","2","5","5","2",NA,"1","10",NA,"5"
"7","6","6","7","5","2","3","2",NA,"3",NA
"3","4","3","7","5","2",NA,"1","9","1","3"
NA,"3","5","5","5","2","3","1","5","3",NA
NA,"3","4","9","5","2","3","1","10","1",NA
"4","3","2","6","5","2","3","1","7",NA,"2"
"1","1","3","2","5","1",NA,"1",NA,NA,NA
NA,"4",NA,"8","5","4","3","1","7",NA,NA
"4","7","4","5","5","2",NA,"1",NA,"3","4"
"4","2","4","5","5","1","5","1",NA,NA,"5"
"3","5",NA,"10","5","2","5","1",NA,"3","5"
NA,"3",NA,"12","5","2","5","1",NA,NA,NA
NA,"3","2","5","5","2","5","1","4",NA,NA
"5","2",NA,"11","5","2","5","1","8",NA,NA
"1","2",NA,"5","5","2",NA,"1","14","1",NA
NA,"5",NA,"5","5","3","5","1","13","1",NA
NA,"1","1","4","5","1",NA,"1",NA,NA,NA
"2","1","2","3","5","1","5","1",NA,"3",NA
"4","6",NA,"9","5","2","4","1","10",NA,"4"
NA,"6",NA,"8","5","3","3","1","10","3","6"
"4","2","1","6","5","2",NA,"1","6","3",NA
"4","5",NA,"5","2","2","2","1",NA,"3","3"
NA,"1","2","3","4","1","5","1","2","3",NA
"2","3","1","4","5","1",NA,"1",NA,"3","6"
NA,"4",NA,"5","5","3",NA,"1","7","3",NA
"3","7",NA,"6","5","3",NA,"1","10",NA,"4"
NA,"6",NA,"6","5","3",NA,"1","9","1","2"
"2","1","1","4","5","3",NA,"1","11","3",NA
"3","3","2","4","5","1",NA,"1",NA,"3",NA
NA,"7","2","6","5","2",NA,"1",NA,"2","5"
"3","7","2","5","5","2","5","1",NA,"1","4"
"3","6",NA,"5","5","3",NA,"1","11","1","3"
"2","5",NA,"6","5","3","3","1","12",NA,"3"
"2","6",NA,"6","2","2","5","1","8","3","4"
NA,"4","2","2","5","1",NA,"1",NA,"3","9"
NA,"1","4","7","5","1","3","1",NA,"3",NA
"2","2","1","6","5","2","6","1","7","3",NA
NA,"3","1","6","5","2",NA,"1","11","2",NA
NA,"4","1","4","5","2","5","1","11","3",NA
"3","3",NA,"11","5","2","5","1","5","3",NA
"3","1",NA,"5","3","3","3","2","10","2",NA
NA,"6","1","4","5","2",NA,"1",NA,NA,"3"
"2","3",NA,"8","5","3","3","1","15","2",NA
"2","4","1","8","5","1","6","1",NA,"3","8"
NA,"7",NA,"8","5","2","3","1",NA,"1","4"
NA,"5","1","4","5","3",NA,"1","10",NA,"5"
"3","1","2","4","5","1","3","1",NA,"3",NA
NA,"6","3","9","5","2","5","1",NA,"3","11"
NA,"5",NA,"9","5","2","5","1",NA,NA,"12"
"3","5",NA,"5","5","2",NA,"1",NA,"3","6"
"2","5",NA,"5","5","3",NA,"1","11","2","3"
NA,"6",NA,"6","5","3",NA,"1","13",NA,"4"
"3","3","2","8","5","1","6","1",NA,"3",NA
NA,"6","2","8","5","2","4","1","8",NA,"8"
NA,"4","1","1","5","1",NA,"1","14","1","3"
"1","4","1","4","5","2",NA,"1",NA,"1",NA
NA,"3","5","7","5","2","5","1",NA,"3","13"
NA,"5","3","7","5","2",NA,"1","5",NA,"5"
NA,"2",NA,"7","5","3","5","1","4",NA,NA
NA,"4",NA,"7","5","3","5","1","9","3",NA
"1","2","1","4","5","2",NA,"1","14","1",NA
"5","7","6","8","5","2",NA,"1",NA,"3","5"
"4","5","2","7","5","2",NA,"1","9","3","6"
NA,"7",NA,"8","5","2","3","1",NA,"1","4"
NA,"6","2","6","5","2",NA,"1",NA,"3","5"
NA,"5","5","7","5","2",NA,"1","6",NA,NA
"4","6","1","6","5","1",NA,"1",NA,"3","8"
"4","5",NA,"6","4","2",NA,"1",NA,"3","5"
NA,"4",NA,"7","5","2","6","1","7",NA,NA
"3","3","6","5","5","2","5","2","4","1",NA
"3","4","2","7","5","2","6","1",NA,"3","7"
NA,"4","4","4","5","1",NA,"1",NA,NA,"4"
NA,"5",NA,"5","5","3","6","1","11","3",NA
NA,"6",NA,"3","3","2",NA,"1","13","1","3"
NA,"5",NA,"7","5","2","4","1",NA,NA,"4"
"3","5","1","4","5","2",NA,"1","13","1","3"
"6","3","2","7","5","2",NA,"1","3",NA,NA
"2","3",NA,"6","5","2","6","1","7",NA,NA
NA,"4",NA,"6","5","2","4","1",NA,"3","5"
"3","6",NA,"5","5","2",NA,"1",NA,NA,"4"
"3","6",NA,"8","5","2","6","1","8",NA,"6"
NA,"5",NA,"10","5","2","3","1",NA,NA,"5"
"3","3","5","9","5","2","3","1",NA,NA,NA
NA,"7",NA,"9","5","3","4","1","15","1","4"
"1","5","1","3","5","2",NA,"1",NA,"1","3"
NA,"4",NA,"6","4","2","4","1",NA,"3","7"
NA,"3","2","9","5","2","5","1",NA,"3",NA
NA,"4","4","5","5","2",NA,"1","6",NA,NA
NA,"1","2","14","5","1","5","1",NA,NA,NA
NA,"6","3","8","4","1","3","2",NA,"3","4"
NA,"3","1","8","4","1","3","1",NA,NA,"6"
"4","3","1","5","5","3",NA,"1","10","3",NA
NA,"7","2","7","5","2","3","1",NA,"3","4"
NA,"1","1","4","5","1",NA,"1",NA,NA,NA
NA,"7","3","6","5","2",NA,"1",NA,"3","5"
"4","7",NA,"8","5","3","2","1","12",NA,"3"
"4","5","3","5","4","2",NA,"1","9","3","5"
NA,"2","2","5","5","2",NA,"1","9","1",NA
NA,"4","2","9","5","2","6","1",NA,"3",NA
"2","7",NA,"5","5","3",NA,"1","16","1","4"
"3","5",NA,"5","5","2",NA,"1","7","3","5"
"3","5",NA,"6","5","3",NA,"1","11",NA,NA
NA,"3","1","7","5","2",NA,"1","10",NA,NA
NA,"1","1","6","5","1",NA,"1",NA,"2",NA
NA,"3","2","5","5","2",NA,"1","9",NA,NA
NA,"5","4","7","5","2","6","1","5",NA,"13"
NA,"5","1","3","5","1",NA,"1",NA,"3","5"
"2","6",NA,"9","5","3","3","1","12","1","4"
"2","4","1","7","5","1","4","1",NA,"3","4"
"3","1",NA,"7","5","3","5","1","3","3",NA
"3","4","6","13","5","2","6","1","6","3","6"
"1","1",NA,"4","5","4","3","1","8","3",NA
"4","5","4","7","5","2",NA,"1",NA,"3","9"
NA,"6",NA,"16","5","2","5","1",NA,NA,"4"
"2","4",NA,"4","3","3","3","1","7",NA,"6"
NA,"7","1","8","5","2",NA,"1","10","1","3"
NA,"5","1","7","5","2",NA,"1",NA,NA,"6"
NA,"6",NA,"6","5","4",NA,"1","9","3","5"
"1","3","1","3","5","3",NA,"1","9","2",NA
NA,"5",NA,"5","5","3","6","1","10",NA,NA
NA,"7",NA,"5","5","4",NA,"1","16",NA,"3"
"2","7",NA,"8","5","2",NA,"1",NA,"3","8"
"3","5",NA,"8","5","2","3","1",NA,"3","5"
NA,"5",NA,"6","5","4",NA,"1","10",NA,NA
"2","7","1","4","5","1",NA,"1",NA,NA,"4"
NA,"5","1","5","5","1",NA,"1",NA,"3","5"
"2","4","3","5","5","2","3","1",NA,NA,"4"
"2","6","1","5","5","2",NA,"1",NA,"1","13"
"3","2","2","5","4","1",NA,"1",NA,"3",NA
NA,"1","3","3","4","2","7","1","9",NA,NA
NA,"1",NA,"3","1","4",NA,"1","10",NA,NA
"3","1",NA,"7","5","3","3","1","9","3",NA
"3","5",NA,"7","5","3",NA,"1","12","1",NA
"2","4","1","3","5","1",NA,"1",NA,"3",NA
"4","7","2","5","5","2",NA,"1",NA,NA,"5"
"4","7",NA,"10","5","2","7","1",NA,NA,"13"
"4","1","2","8","5","2","3","1","7","3",NA
"4","6",NA,"8","5","2","3","1","12","1","8"
NA,"1","1","4","5","1",NA,"1",NA,NA,"10"
NA,"7",NA,"9","5","2","3","1",NA,NA,"4"
NA,"4",NA,"8","5","3","3","1","7","3","6"
"3","5","1","8","5","2","3","1",NA,"3","5"
NA,"5",NA,"11","4","2","5","1",NA,"3","8"
NA,"2","2","2","5","2",NA,"1","5","3",NA
NA,"4","2","1","5","2",NA,"1","7","3","4"
"2","4","1","4","5","2",NA,"1","10","3",NA
"1","4",NA,"4","2","2",NA,"1","8",NA,"3"
NA,"6",NA,"7","5","3",NA,"1","11","3","12"
NA,"1","2","7","5","1","5","1",NA,NA,NA
NA,"5","7","7","5","2","3","1","10","3","3"
NA,"3","2","4","5","1",NA,"1",NA,"3",NA
"2","6",NA,"5","5","3","3","1","11","3","5"
"2","7","1","6","5","2",NA,"1",NA,"1","4"
"5","2","4","8","5","1","3","1",NA,NA,NA
NA,"5","1","7","5","1","3","1",NA,"3","4"
"3","3","3","5","5","2","5","1","3","3",NA
"3","5",NA,"8","5","2","5","1",NA,"3",NA
"2","4","1","5","5","2",NA,"1",NA,"1",NA
"2","3",NA,"4","1","1","4","1",NA,"1","3"
NA,"5","1","5","5","2",NA,"1",NA,"1","3"
"3","6","2","5","5","2",NA,"1",NA,NA,"4"
NA,"4",NA,"12","5","2","5","1",NA,"3",NA
"3","3",NA,"5","5","3","3","1","6","1",NA
"2","6","2","3","5","2",NA,"1","14",NA,"3"
"3","4","4","4","4","2",NA,"1",NA,"2","2"
"4","3",NA,"4","5","3",NA,"1","6","3",NA
"4","7",NA,"10","5","2","6","1",NA,"3","11"
NA,"4",NA,"5","5","2","5","1",NA,NA,NA
NA,"4",NA,"8","4","2","3","1",NA,"3","4"
"2","4","1","6","5","2","3","1",NA,NA,"4"
"3","2",NA,"5","5","2","6","1","4",NA,NA
"3","5","3","5","5","2","6","1","7",NA,"9"
NA,"6",NA,"8","3","2","3","1","11","2","4"
"2","2","2","4","5","2",NA,"1","8","3",NA
NA,"5",NA,"6","3","2","6","1","11",NA,"3"
NA,"1","2","7","5","2","5","1","3","3",NA
NA,"1","1","4","5","1","5","1",NA,"3",NA
NA,"7",NA,"8","5","2",NA,"1",NA,NA,"5"
"2","3","1","3","5","1","3","1",NA,NA,NA
"4","5",NA,"18","5","2","6","1",NA,NA,NA
NA,"5","1","5","5","2",NA,"1","9",NA,"6"
"4","2",NA,"7","5","2","6","1","3","3",NA
"4","2",NA,"10","5","2","5","1","7","3",NA
NA,"1","5","6","5","2",NA,"1","4",NA,NA
NA,"3","2","5","5","2",NA,"1","3","3",NA
"2","7",NA,"7","4","2",NA,"1",NA,"2","7"
"2","2","1","4","5","1","3","1",NA,"3",NA
"3","4","2","6","5","2",NA,"1","9",NA,NA
"2","4","3","6","5","2",NA,"1",NA,NA,"5"
NA,"5","2","4","5","2",NA,"1","12","3","4"
"2","5","2","6","5","2","3","1","10",NA,"4"
"3","3",NA,"14","4","2","3","1",NA,"3",NA
"3","5","2","9","5","2","3","1",NA,"1","8"
"2","1","3","4","5","2","3","1","2","3",NA
"3","1","2","3","4","2","5","1","10","3",NA
NA,"3",NA,"7","5","3","6","1","11","1",NA
"3","6","2","5","5","3",NA,"1","9","3",NA
"3","6","1","5","5","2",NA,"1",NA,NA,"6"
NA,"6",NA,"10","5","3","4","1","11","2","7"
"3","4",NA,"10","5","2","5","1",NA,"3",NA
NA,"4",NA,"12","4","2","5","1",NA,NA,NA
"3","5",NA,"11","5","4","4","1","11","2",NA
NA,"6","2","7","5","2","3","1",NA,"3","6"
"1","2","1","1","4","1",NA,"1",NA,"3",NA
NA,"6",NA,"7","5","3",NA,"1","12","1","4"
"2","3",NA,"8","5","3","3","1","6","3",NA
NA,"7","1","8","5","1","6","1",NA,NA,"13"
NA,"7","2","5","5","2",NA,"1",NA,NA,"4"
"3","4",NA,"8","5","3","5","1","9",NA,NA
"4","1","3","5","4","2","6","1","4",NA,NA
"3","3","5","5","5","2",NA,"1","3",NA,NA
"4","5","2","6","4","2",NA,"1",NA,"3","7"
"2","3",NA,"6","5","2","3","1","7",NA,NA
"3","5","3","7","4","2","6","1",NA,"3","9"
NA,"7","2","5","5","2",NA,"1",NA,NA,"4"
NA,"3","1","4","5","2",NA,"1","9","3",NA
NA,"3","3","5","5","1",NA,"1",NA,"1",NA
NA,"7",NA,"9","5","2","3","1",NA,NA,"5"
NA,"7","3","5","5","2",NA,"1","15","1","5"
"3","2","1","8","4","1",NA,"1",NA,NA,NA
"2","3","2","4","5","1","5","1",NA,"3","4"
NA,"2","3","5","5","1",NA,"1",NA,"3",NA
"2","7",NA,"8","5","2","3","1",NA,"1","3"
"3","2",NA,"12","5","2","5","1","4","3",NA
"2","5","3","6","5","2",NA,"1",NA,"1","3"
"2","4",NA,"6","2","3","2","1","10","3","4"
"4","7",NA,"10","4","3","2","1","12","1","3"
NA,"5","1","4","4","2","3","1",NA,NA,"3"
NA,"1","4","5","5","1","3","1","3","3",NA
"3","2",NA,"8","5","3","3","1","9",NA,NA
"2","3","3","6","5","1","2","1",NA,NA,NA
"2","1","3","4","5","2","4","1","5",NA,NA
NA,"2","2","5","5","2",NA,"1","14",NA,NA
"4","6","2","5","5","2",NA,"1",NA,NA,"5"
"3","7",NA,"6","5","2",NA,"1",NA,NA,"4"
"3","3",NA,"5","4","2","5","1","7",NA,NA
NA,"3","2","4","5","2","5","1","4","3",NA
"3","5","3","6","5","2","5","1","7","3","6"
"2","1",NA,"16","5","2","6","1",NA,"1",NA
"4","5","2","9","5","2","6","1",NA,NA,NA
"2","1","1","3","5","1","5","1","3",NA,NA
"2","5","2","6","5","2","4","1",NA,"1",NA
"2","1",NA,"4","4","2","6","1","7","3",NA
NA,"2",NA,"7","4","2","4","1","3","3",NA
"5","4",NA,"6","5","4","3","1","11",NA,"6"
NA,"6",NA,"9","5","2","3","1",NA,NA,"5"
"2","4","1","5","5","2","3","1",NA,"1","4"
"2","5",NA,"9","3","2","5","1",NA,"1","4"
NA,"4","2","5","5","2","3","1",NA,"1","3"
"2","4",NA,"7","5","2","6","1",NA,"3",NA
"4","4",NA,"7","5","4","7","2","12","1",NA
"4","5",NA,"5","2","2",NA,"1","9","3","5"
NA,"1","3","4","5","1",NA,"1",NA,"1",NA
"7","4","2","5","5","2","2","1","13",NA,NA
NA,"1",NA,"7","5","2","5","1","11","2",NA
"3","3",NA,"6","4","2","6","1",NA,NA,NA
"2","3",NA,"6","5","2","5","1","6",NA,NA
NA,"1","1","3","5","2","3","1","15","1",NA
NA,"5",NA,"10","5","2","6","1",NA,"3",NA
NA,"6","4","5","5","2",NA,"1",NA,"3","5"
NA,"1",NA,"7","5","3","3","1","7","1",NA
"3","7",NA,"7","5","2",NA,"1",NA,"1","5"
NA,"1","2","5","5","2","5","1","3","3",NA
NA,"1",NA,"4","1","2",NA,"1","6","1",NA
"3","3",NA,"9","5","3","4","1","9","3",NA
NA,"3",NA,"4","2","2","2","1","9","1","2"
"3","2",NA,"11","5","2","5","1",NA,NA,NA
NA,"7","3","5","5","2",NA,"1",NA,"1","5"
NA,"5","1","6","5","2",NA,"1",NA,"3","5"
"2","6","1","3","5","2",NA,"1","11","1","3"
"2","6","1","6","5","2",NA,"1",NA,"1","4"
NA,"5","1","1","5","1",NA,"1",NA,NA,"7"
"3","1","2","4","5","1","3","1",NA,NA,NA
"4","5","4","7","5","2",NA,"1",NA,NA,NA
"3","4",NA,"10","4","2","6","1",NA,"1","4"
"3","5",NA,"7","5","3","6","1","9","3",NA
"2","7","2","5","5","2",NA,"1",NA,NA,"3"
"2","5","2","4","5","2",NA,"1","13","3","5"
NA,"4","3","5","5","1","3","1",NA,"3","3"
NA,"7","2","5","5","2",NA,"1",NA,NA,"3"
"2","4",NA,"3","2","2",NA,"1","10",NA,"3"
"3","5","2","7","5","2",NA,"1",NA,"1","6"
NA,"3","2","4","5","2",NA,"1","9",NA,NA
NA,"6",NA,"8","5","3","3","1","10",NA,NA
"2","3","2","9","5","2","3","1",NA,"3",NA
NA,"7","1","6","5","2",NA,"1",NA,"1","4"
"3","3",NA,"7","4","2","7","1","12",NA,NA
"2","6",NA,"5","3","3",NA,"1","12","3","4"
NA,"3","1","5","4","1",NA,"1",NA,NA,"6"
NA,"3",NA,"4","5","4","2","1","9",NA,NA
"5","3","5","11","5","1","2","1",NA,"3",NA
NA,"3","3","4","5","1","3","1",NA,NA,NA
NA,"1","2","4","5","1",NA,"1","3",NA,NA
"2","5","1","6","5","1","5","1",NA,NA,"5"
"2","4","3","4","5","1",NA,"1","3",NA,"3"
NA,"1","1","5","5","1","3","1","4",NA,NA
"6","5",NA,"8","5","2","4","1",NA,NA,NA
NA,"4","2","5","5","2",NA,"1","13","3",NA
"2","2","3","5","5","2","5","1","5",NA,NA
NA,"6","2","6","5","2","6","1",NA,"3","6"
"3","6",NA,"6","4","3",NA,"1","10","3","9"
"4","6",NA,"6","5","3",NA,"1","14","1","4"
NA,"7","3","4","5","1",NA,"1",NA,NA,"3"
NA,"1","2","3","5","2","3","1","4","3",NA
NA,"4","2","5","5","2","2","1",NA,"3",NA
"5","7",NA,"5","3","2",NA,"1",NA,NA,"4"
"5","6","4","7","5","1",NA,"1",NA,NA,"5"
"4","5",NA,"9","5","2","5","1",NA,"1","2"
"3","3",NA,"7","5","2",NA,"1","9","3",NA
"4","6",NA,"5","5","4",NA,"1","10",NA,NA
"3","4",NA,"8","5","2",NA,"1","10","1","3"
NA,"4","3","5","5","2","5","1",NA,"3",NA
"3","1",NA,"9","5","2","5","1","5","3",NA
NA,"7",NA,"5","5","2",NA,"1",NA,"1","2"
NA,"5",NA,"8","5","4","4","1","11",NA,NA
NA,"5",NA,"8","5","3","3","1","11","3",NA
"4","6",NA,"7","3","2","3","1",NA,NA,"6"
NA,"6","2","4","5","1",NA,"1",NA,"2","5"
NA,"2",NA,"8","5","3","6","1","11",NA,NA
"4","7",NA,"11","5","2","3","1",NA,NA,"8"
"4","5",NA,"9","5","4","3","1","11","1",NA
"4","5",NA,"7","5","3","5","1","8","3",NA
"2","1","2","5","4","1","2","1",NA,NA,NA
"1","3","2","1","3","1",NA,"1",NA,NA,"4"
"3","5",NA,"6","4","2",NA,"1","6","3","4"
"3","7","2","4","5","2",NA,"1","8",NA,"4"
NA,"2","2","4","5","2",NA,"1","5","3",NA
NA,"6","1","5","5","2",NA,"1",NA,NA,"5"
"2","2","1","3","5","1",NA,"1","4","3",NA
"4","1",NA,"7","5","2","5","1","2","3",NA
"3","6",NA,"4","5","4",NA,"1","9","3",NA
"3","6","1","10","5","2","3","1","9",NA,"9"
"3","7",NA,"6","5","2",NA,"1",NA,NA,"6"
"2","5",NA,"4","3","2","2","1",NA,"1","2"
"2","3","5","5","4","1",NA,"1","4",NA,"3"
"3","3","2","6","5","2","3","1","7","3",NA
"3","5",NA,"8","5","4","3","1","10","1",NA
NA,"3",NA,"7","3","2",NA,"1","5",NA,"2"
"2","1","1","5","5","1","6","1","10",NA,NA
"4","5",NA,"9","5","2","6","1","13",NA,"13"
"3","3","4","5","5","2",NA,"1","5",NA,NA
"3","2","2","4","5","1",NA,"1","3","3",NA
"3","6",NA,"8","5","3",NA,"1","10",NA,"13"
"2","7",NA,"5","5","2","3","1",NA,NA,"3"
NA,"6",NA,"13","5","3","6","1","11","3","4"
"3","2","2","2","5","1",NA,"1","2","3",NA
"4","5","2","6","5","2",NA,"1",NA,NA,"5"
"2","7","1","9","5","1",NA,"1",NA,NA,"3"
"2","1","1","3","5","1","6","1","3",NA,NA
"3","5",NA,"5","5","3",NA,"1","10",NA,"5"
NA,"3","1","3","5","1",NA,"1",NA,"1","3"
"2","1",NA,"4","2","1","2","1",NA,"3","4"
NA,"3","1","5","5","1",NA,"1",NA,"1",NA
"3","7","2","6","5","2","3","1",NA,NA,"4"
"1","7","1","7","5","1",NA,"1",NA,NA,"2"
NA,"7","3","6","5","2","5","1",NA,NA,"2"
"3","4",NA,"8","5","2","5","1","5","3",NA
"3","5","1","4","5","2","3","1",NA,NA,NA
"3","6","2","6","5","2","6","1",NA,NA,"5"
NA,"5",NA,"5","2","1","5","1",NA,"3","4"
NA,"6",NA,"5","5","3","2","1","14","1",NA
NA,"5",NA,"3","5","4",NA,"1","8","2",NA
"4","6","2","7","5","2",NA,"1","12","1","5"
"3","6","2","6","5","2",NA,"1",NA,"3","4"
"4","5",NA,"7","5","2","2","1","9",NA,NA
NA,"5",NA,"4","5","4",NA,"1","10","1","3"
"3","5",NA,"4","5","3","6","1","6","3","12"
"4","4","7","6","5","1",NA,"1","8","3","9"
NA,"3","2","3","5","2",NA,"1","4","3",NA
"3","4","4","5","5","2",NA,"1","4","3",NA
NA,"4",NA,"6","4","2","4","1",NA,"3",NA
"3","5",NA,"5","5","3","2","1","15",NA,NA
"3","5",NA,"9","5","3","3","1","10",NA,NA
"1","2","1","5","5","1",NA,"1",NA,NA,NA
"3","3","3","6","5","2","5","1","5","3",NA
"7","5","4","6","5","2","3","1",NA,"3","11"
"3","1","2","5","5","2","6","1","10",NA,NA
"3","7",NA,"9","5","3","5","1","12","1","6"
"3","5",NA,"10","5","2","5","1","5","3","3"
"4","6",NA,"8","5","3","3","1","10",NA,"4"
"3","7",NA,"5","5","3",NA,"1","8","3","3"
"3","5",NA,"5","3","2","2","1",NA,"3","3"
NA,"5",NA,"9","5","2","6","1",NA,"3",NA
"6","5",NA,"12","3","2","5","1",NA,"3","4"
NA,"6","3","5","5","2",NA,"1",NA,"1","2"
"4","6","2","7","5","2",NA,"1",NA,"3","7"
"2","6","2","5","5","2","2","1","16",NA,NA
"2","7","2","6","5","2",NA,"1",NA,"1","3"
NA,"7",NA,"6","5","4","3","1","12","2","5"
"5","4","4","6","5","3",NA,"1","4",NA,"5"
"2","7","1","8","5","2",NA,"1",NA,"1","3"
NA,"7","2","4","5","2",NA,"1",NA,NA,"4"
"3","3",NA,"10","5","2","6","1",NA,NA,"7"
NA,"3","2","8","5","2",NA,"1",NA,"3",NA
NA,"7",NA,"5","5","4",NA,"1","16",NA,"4"
"2","6",NA,"10","5","2","1","1",NA,NA,"4"
NA,"6",NA,"5","5","3",NA,"1","12",NA,"4"
"3","3","6","9","5","2","5","1",NA,NA,NA
"2","4",NA,"6","5","3",NA,"1","8",NA,NA
"3","3",NA,"5","4","2","3","1",NA,NA,NA
NA,"5",NA,"5","5","3",NA,"1","10","1",NA
NA,"6","1","6","5","2",NA,"1",NA,"3","4"
"2","2",NA,"3","3","2","3","1","13",NA,NA
NA,"4","1","2","5","1",NA,"1",NA,"1","3"
"4","6",NA,"5","5","3","3","1","11","3","5"
NA,"7","1","6","5","2",NA,"1",NA,NA,"5"
NA,"2","3","6","5","2",NA,"1","5","3",NA
NA,"5","2","6","5","2",NA,"1",NA,"1",NA
"4","7",NA,"7","5","4",NA,"1","12","2","4"
NA,"3","1","7","5","2","3","1","13",NA,"3"
"3","6",NA,"16","5","2","3","1",NA,NA,"6"
NA,"1","2","7","5","2","7","1",NA,"2",NA
"2","3","2","4","4","2",NA,"1","5",NA,NA
NA,"2","1","9","5","1","5","1",NA,"3",NA
NA,"3","2","4","5","2",NA,"1","10","3",NA
"2","2",NA,"5","5","4",NA,"1","13",NA,NA
"3","3","2","5","5","2",NA,"1","3","3",NA
"3","4","2","5","5","1",NA,"1",NA,NA,"7"
NA,"5","1","8","5","2","5","1","10",NA,NA
"4","1","4","4","5","2","3","1","5",NA,NA
NA,"3","2","6","5","2",NA,"1","7","3",NA
"4","3","2","4","5","1","3","1",NA,NA,NA
"3","1","5","5","5","2","3","1","5","3",NA
"2","4","1","5","5","1","3","1",NA,NA,"4"
"4","1",NA,"5","4","2","5","1","4",NA,NA
"1","6","1","6","5","2",NA,"1","14",NA,"3"
"3","5","1","7","5","2",NA,"1","10",NA,"7"
NA,"5",NA,"14","5","2","5","1",NA,NA,"13"
"4","3","2","5","5","2","3","1","8","3","4"
"2","6","1","3","5","2",NA,"1","15","1","3"
"2","2","1","4","5","1","6","1",NA,"3",NA
NA,"4",NA,"9","5","3",NA,"1","10",NA,NA
NA,"2","2","2","4","2",NA,"1","3",NA,NA
"3","3","2","6","5","1",NA,"1",NA,"3","5"
"2","3","1","3","5","1",NA,"1","4",NA,NA
NA,"5",NA,"10","4","3","4","1","9",NA,"5"
NA,"1",NA,"5","4","3","3","1","9","3",NA
NA,"7","2","10","5","2","3","1",NA,NA,"5"
"4","3",NA,"8","5","2","5","1","7","3",NA
"3","1",NA,"4","5","3",NA,"1","6","3",NA
"3","1","3","3","4","2","7","2","6",NA,NA
NA,"3",NA,"7","5","3",NA,"1","12","1",NA
"2","4","2","3","4","1",NA,"1","4","3","5"
NA,"7","4","6","4","2",NA,"2","6",NA,"7"
NA,"2",NA,"9","5","2","5","1","6","3",NA
NA,"5","2","4","5","2",NA,"1","13","3","5"
"2","5","1","4","5","2","6","1","7","3","3"
NA,"4",NA,"5","5","3","6","1","13","1","6"
"4","6","2","3","5","2",NA,"1",NA,"3","5"
"2","3","6","6","5","2",NA,"1","4","3",NA
NA,"2",NA,"7","5","1","5","1","6",NA,NA
NA,"7","3","7","5","2","3","1",NA,NA,"3"
NA,"1",NA,"6","5","3","5","1","5","3",NA
NA,"1","1","6","5","1","3","1","2",NA,NA
"1","2","1","3","5","1",NA,"1","9","1",NA
NA,"6","1","7","5","2",NA,"1",NA,"2","6"
"3","4",NA,"7","5","3","6","1","12",NA,NA
NA,"7","1","3","5","2",NA,"1","11",NA,"3"
"2","5","2","5","5","2",NA,"1","7","3","4"
NA,"5","1","9","5","2","1","1",NA,"3","4"
NA,"1","7","6","5","1",NA,"1",NA,"3",NA
NA,"3","2","6","5","2","4","1","4","3",NA
"2","1","1","4","5","1",NA,"1","10","3",NA
"2","3",NA,"6","5","3","6","1","7",NA,NA
"3","7","2","6","5","2",NA,"1",NA,NA,"3"
"7","4",NA,"8","4","2","3","1",NA,"3","6"
"2","4","1","5","5","3",NA,"1","12","3",NA
"4","6",NA,"5","3","2",NA,"1",NA,"3","4"
"3","3",NA,"9","5","2","6","1","5","3",NA
"2","3","1","2","5","1",NA,"1",NA,NA,"4"
"4","6",NA,"7","5","3",NA,"1",NA,NA,"10"
"2","6",NA,"8","5","3","4","1","12",NA,NA
NA,"7",NA,"7","5","4","6","1","13","2",NA
NA,"3","4","3","4","2",NA,"1","5","3",NA
NA,"4","1","3","5","1",NA,"1",NA,NA,"4"
NA,"2","3","8","5","2","5","1","9","1",NA
"1","1","3","6","5","2",NA,"1","5","3",NA
NA,"6",NA,"7","5","2","4","1",NA,NA,"3"
"2","4","2","1","5","2",NA,"1",NA,NA,"10"
NA,"5","2","5","5","2","5","1","10","3","7"
"3","3",NA,"5","5","3","5","1","7",NA,NA
NA,"5","1","5","5","3",NA,"1","12",NA,NA
NA,"3",NA,"9","5","2","6","1",NA,NA,NA
NA,"6","2","10","5","2","5","1",NA,NA,"7"
"3","5","1","1","5","3",NA,"1","6","1",NA
"2","4","2","2","2","1",NA,"1","5",NA,"5"
NA,"2",NA,"4","5","4",NA,"1","7",NA,NA
NA,"4",NA,"11","5","2","6","1",NA,NA,NA
NA,"3",NA,"4","5","4",NA,"1","12","3",NA
"4","4","4","4","5","2",NA,"1",NA,"3","9"
NA,"3","3","7","5","2","5","1",NA,NA,NA
NA,"6",NA,"5","5","4",NA,"1","13","1",NA
NA,"5","2","8","5","2",NA,"1","12",NA,"4"
NA,"7","2","8","5","2",NA,"1",NA,NA,"4"
"3","5","3","5","5","1","3","1",NA,"3","4"
"2","1","1","8","5","1","6","1",NA,"3",NA
NA,"7","1","8","5","2","3","1",NA,NA,"3"
NA,"5",NA,"8","5","4","1","1","12",NA,NA
"3","4","4","7","5","2","5","1","4","3","5"
"3","6",NA,"4","4","2","2","1",NA,"1","3"
NA,"7","1","7","5","2",NA,"1",NA,NA,"4"
"3","1",NA,"4","2","2",NA,"1","11",NA,NA
NA,"6","2","8","5","2","3","1",NA,"3","5"
"3","6","2","4","5","3",NA,"1","11","2","4"
"3","3",NA,"7","5","2","6","1","4","3",NA
"3","5","2","6","5","2",NA,"1",NA,NA,"5"
"1","5",NA,"5","3","2",NA,"2","6","3","4"
"3","5",NA,"5","4","2","2","1","14","2","2"
"3","3","4","5","5","2",NA,"1","3",NA,NA
NA,"7","2","7","5","2",NA,"1",NA,"1","5"
NA,"7","1","7","5","1","4","1",NA,"1","3"
NA,"5",NA,"6","5","3",NA,"1","16","1","3"
"3","6",NA,"6","2","3",NA,"1","10","2","2"
"3","7","2","6","5","2",NA,"1",NA,NA,"3"
"3","7",NA,"7","5","3",NA,"1","12","3","4"
NA,"7",NA,"6","5","2","3","1","15",NA,"3"
NA,"7","2","5","5","2",NA,"1",NA,NA,"3"
NA,"5","5","5","5","2",NA,"1",NA,"3","4"
"3","3",NA,"4","5","3",NA,"1","8","3",NA
"3","5",NA,"6","5","2",NA,"1","11","1","3"
NA,"7",NA,"5","5","4",NA,"1","10",NA,NA
NA,"5",NA,"9","5","2",NA,"1",NA,"3","3"
NA,"7",NA,"4","5","3",NA,"1","13","1","3"
"4","5",NA,"10","5","2","3","1",NA,NA,NA
NA,"5","3","5","5","2",NA,"1",NA,NA,"4"
NA,"4",NA,"11","5","3","5","1",NA,NA,NA
NA,"4","1","6","5","1",NA,"1",NA,NA,"5"
NA,"1","1","2","5","1",NA,"1",NA,NA,NA
"3","4",NA,"9","5","2","5","1",NA,NA,"7"
"4","3",NA,"5","3","2","2","1","7",NA,"3"
"2","2","1","6","5","1","7","1",NA,"3",NA
"2","3",NA,"8","5","2","4","1",NA,"3",NA
"2","5",NA,"7","5","2","5","1",NA,"1","4"
"2","5",NA,"7","5","3",NA,"1","9","3",NA
"3","5","2","5","5","2",NA,"1",NA,NA,"4"
"3","1","2","6","5","2","6","1","4","3",NA
NA,"7","1","5","5","2",NA,"1",NA,"1","5"
NA,"3","4","7","5","2","5","1","5","3",NA
NA,"6","2","8","4","2",NA,"1",NA,NA,"3"
"4","5","2","12","5","2","7","1",NA,NA,"7"
NA,"6",NA,"7","5","2","3","1","14",NA,"4"
NA,"6",NA,"7","5","3","3","1","15",NA,"4"
"1","6","1","5","5","1",NA,"1",NA,NA,"3"
"2","5","1","5","5","2",NA,"1",NA,NA,NA
"1","5",NA,"3","3","2","3","1","11","1","3"
"1","6","1","4","5","1",NA,"1",NA,"3","4"
NA,"3","3","5","5","1","3","1",NA,"2",NA
NA,"7","1","3","5","2",NA,"1","13",NA,"13"
"4","5",NA,"7","5","3","3","1","8",NA,NA
"1","3","1","6","5","2",NA,"1","8","1",NA
"3","7",NA,"9","4","2","3","1",NA,"1","4"
"1","4","1","5","5","1","5","1",NA,NA,"6"
NA,"5","2","5","5","3",NA,"1","12",NA,"3"
"2","6",NA,"5","5","4","3","1","13",NA,"3"
"3","3",NA,"7","5","3","6","1","12","1",NA
"4","7","2","8","5","2",NA,"1",NA,NA,"4"
"1","3",NA,"4","2","2","2","1","7","3","3"
NA,"3",NA,"9","5","2","3","1","4","1",NA
NA,"4","2","7","5","2","5","1",NA,"3","6"
"3","2",NA,"4","5","3","2","1","8",NA,NA
"3","5","2","7","4","1","3","1",NA,"3","3"
"2","1",NA,"5","5","3","3","1","12","1",NA
NA,"1",NA,"9","5","2",NA,"1",NA,NA,NA
NA,"4",NA,"16","5","3","4","1",NA,"3",NA
NA,"7",NA,"7","5","2",NA,"1",NA,"1","2"
"3","3",NA,"8","5","2","3","1","7","3",NA
"2","4",NA,"8","5","3","5","1","6",NA,"7"
"3","5","3","5","5","2",NA,"1",NA,NA,"6"
NA,"5",NA,"8","5","2","3","1",NA,NA,NA
NA,"5","2","6","5","1",NA,"2",NA,"3","4"
NA,"7","1","6","5","2",NA,"1",NA,"3","4"
NA,"3",NA,"7","5","3","5","1","6","3",NA
"2","3","1","4","5","1",NA,"1","3",NA,NA
NA,"3",NA,"4","3","2","3","1","10",NA,"3"
"3","5","2","2","5","2",NA,"1","6","3","4"
NA,"5",NA,"6","2","3","3","1","9",NA,"2"
"3","3","4","4","4","2",NA,"1","3","3",NA
NA,"1","2","4","2","1","2","1","6",NA,NA
NA,"7","1","8","5","2","5","1",NA,"1","6"
NA,"7","2","5","5","2",NA,"1",NA,"1","3"
NA,"4",NA,"8","5","3",NA,"1","7","3",NA
"3","5",NA,"9","5","3","3","1","8",NA,"5"
NA,"5",NA,"10","4","2","6","1",NA,NA,"10"
NA,"3",NA,"6","5","3","5","1","4","3",NA
"4","6",NA,"5","2","3","2","1",NA,"3","13"
NA,"5","1","3","5","2",NA,"1","11",NA,"5"
NA,"6","2","7","5","1",NA,"1",NA,"3","4"
"3","3",NA,"5","2","2","2","1",NA,NA,"5"
NA,"3","1","1","4","1","5","1","2",NA,"4"
NA,"1",NA,"9","5","2","5","1","6","3",NA
"3","3",NA,"4","3","3","3","1","4",NA,"3"
NA,"3",NA,"8","4","2","6","1","5",NA,NA
NA,"3","2","5","5","3","5","1","12",NA,NA
"2","1","2","4","5","2","3","1","9",NA,NA
"6","6",NA,"6","5","3","4","1","11",NA,NA
"3","4","2","7","5","2",NA,"1","6","3",NA
"2","3",NA,"4","2","2","3","1","9",NA,NA
NA,"6","4","7","5","2","3","1",NA,NA,"4"
"2","1","4","7","5","2","2","1","4",NA,NA
NA,"6","1","4","5","2",NA,"1","12","1","3"
"3","7","2","7","5","2",NA,"1",NA,"3","4"
"1","3","2","4","5","2",NA,"1","4","3",NA
NA,"4",NA,"10","4","2","6","1","7",NA,"13"
NA,"1","4","5","5","1","3","1","4","3",NA
"2","7",NA,"8","5","2","6","1",NA,"1","5"
"3","6",NA,"6","5","3",NA,"1",NA,NA,"4"
"3","3","4","7","5","2",NA,"1","7",NA,NA
NA,"6",NA,"10","5","2","3","1",NA,"3","6"
"3","4",NA,"6","5","4","3","1","7","3",NA
"3","7","2","4","5","2",NA,"1",NA,"3","5"
"4","6",NA,"7","5","3",NA,"1","11",NA,"6"
"4","4",NA,"12","5","2",NA,"1",NA,"3","13"
"3","5","4","6","5","2",NA,"1",NA,NA,"7"
"3","4","4","6","5","2","5","1","5",NA,"11"
"3","4",NA,"5","5","3",NA,"1","12",NA,NA
"3","1",NA,"7","5","3","3","1","11",NA,NA
"3","7","2","7","5","2",NA,"1",NA,"3","4"
NA,"6","3","4","5","2",NA,"1",NA,NA,"4"
NA,"5","2","9","5","1","3","1",NA,"3",NA
"2","3","1","5","5","1",NA,"1",NA,NA,"4"
NA,"5",NA,"5","5","2",NA,"1","6",NA,"5"
"3","7","2","9","5","2","5","1",NA,"3","8"
NA,"4",NA,"7","5","3",NA,"1","5","3","4"
"4","3","2","4","5","2",NA,"1","5","3",NA
"2","1","1","6","5","1","5","1",NA,NA,NA
"3","1","2","4","5","1","3","1","1","1",NA
NA,"3",NA,"7","5","2",NA,"1","4","3",NA
NA,"3","1","3","5","1",NA,"1",NA,"1","3"
"2","1","5","6","5","2","3","1","3","3",NA
"4","7",NA,"16","5","2","5","1",NA,NA,"4"
NA,"5","2","6","5","2",NA,"1","8",NA,"4"
"2","6",NA,"11","5","3","6","1",NA,NA,"10"
"3","7","2","11","5","2","6","1",NA,NA,"5"
"4","7",NA,"12","5","2","5","1",NA,NA,"8"
NA,"3",NA,"3","5","4",NA,"1","12","1",NA
"2","5",NA,"5","4","3",NA,"1","8","3","3"
"3","5",NA,"6","3","2","6","1","8",NA,"2"
NA,"2","3","4","4","2","4","1",NA,"2",NA
NA,"6","4","7","5","2","5","1","9","3","4"
"2","5",NA,"6","5","3","7","1","14","3","6"
"6","1",NA,"11","4","2","6","1","8","3",NA
NA,"5","2","4","5","2",NA,"1",NA,NA,"4"
NA,"7","2","7","5","2",NA,"1",NA,NA,"3"
"2","5",NA,"4","5","4",NA,"1","13",NA,NA
"3","2","5","6","5","1",NA,"1",NA,"3",NA
"2","5",NA,"5","5","3",NA,"1","13","2","4"
"3","6","1","5","5","3","3","1","10",NA,"4"
"3","3","3","7","5","2","6","1",NA,NA,NA
NA,"6","2","5","5","2",NA,"1","11",NA,"3"
"4","4","3","6","5","2","5","1","8","3","7"
"3","5",NA,"9","5","2","3","1",NA,"3","3"
NA,"1",NA,"8","5","2","6","1","7","3",NA
"4","4","2","7","4","1","3","1",NA,"3","4"
"4","5",NA,"6","5","3",NA,"1",NA,NA,"3"
"3","2","2","8","5","2","5","1","11","1",NA
NA,"2",NA,"4","5","3",NA,"1","4",NA,NA
"3","2",NA,"6","5","4",NA,"1","10","3",NA
"3","3",NA,"5","4","3",NA,"1","10","3","4"
"4","5","3","6","5","2",NA,"1","10",NA,"8"
NA,"6",NA,"9","5","2","3","1",NA,"1","3"
"5","5","5","5","5","2",NA,"1",NA,NA,"2"
NA,"1","3","5","5","3","3","1","8","3",NA
NA,"1","2","6","5","2",NA,"1","10",NA,NA
NA,"6","4","4","5","2","3","1",NA,NA,"5"
"3","4",NA,"10","5","3","7","1","5",NA,NA
"4","7","2","5","5","2",NA,"1","14","1","3"
"3","5",NA,"7","5","3",NA,"1","10",NA,NA
NA,"1","1","6","5","1","3","1","10","1",NA
NA,"7","2","6","5","2",NA,"1",NA,"3","7"
NA,"5",NA,"8","3","2","7","1",NA,"3","9"
NA,"6","1","3","5","2",NA,"1",NA,"1","3"
"7","5","3","5","5","2",NA,"1","9","3",NA
NA,"4","1","6","5","2",NA,"1","13","3","4"
NA,"5","2","4","4","2","3","1","7",NA,"3"
"3","5",NA,"4","5","4",NA,"1","13","1",NA
"5","7","2","8","5","2","3","1",NA,NA,"5"
NA,"5",NA,"4","5","3",NA,"1","11",NA,NA
NA,"3","4","4","4","1","3","1",NA,"3","5"
"3","4",NA,"3","4","3","3","1","4","3",NA
"2","5",NA,"5","5","3","4","1","13","2","3"
NA,"3",NA,"5","5","4","3","1","13","3",NA
NA,"3",NA,"6","5","3",NA,"1","11",NA,NA
"2","1","7","8","5","2","4","1",NA,NA,NA
"4","7",NA,"10","5","2","5","1",NA,NA,"7"
"4","7","7","6","4","2","6","1",NA,NA,"4"
"4","3","3","4","5","2","5","1","3","3",NA
NA,"5",NA,"10","5","3","3","1",NA,NA,"4"
"3","5","3","8","5","2","5","1","7","1",NA
NA,"7",NA,"5","3","2","3","1",NA,NA,"3"
NA,"2",NA,"4","4","3","3","1","10","3",NA
"2","6",NA,"8","5","2","4","1",NA,"1","3"
"4","5","3","4","5","2","3","1",NA,"3",NA
NA,"5",NA,"10","5","2","5","1",NA,"3","13"
NA,"7",NA,"6","5","3","2","1","11","2","5"
"6","3","5","9","5","2","4","1",NA,"1",NA
NA,"5",NA,"4","5","2",NA,"1","9","3","13"
"1","4",NA,"4","5","3",NA,"1","16","1",NA
NA,"5",NA,"8","3","2","3","1","11",NA,"3"
"3","5","4","8","5","2","5","1",NA,NA,"4"
"1","3",NA,"5","3","2",NA,"1","8","3",NA
"4","3",NA,"16","5","2","6","1",NA,NA,NA
NA,"5","3","7","4","1","5","1",NA,"3","4"
NA,"3",NA,"5","5","3","3","1","11","2",NA
NA,"4",NA,"6","5","2","3","1","8",NA,NA
NA,"3","3","7","5","2",NA,"1",NA,"3",NA
"2","4","5","6","5","2",NA,"1","6","3",NA
"3","5",NA,"9","5","2",NA,"1",NA,"3","5"
NA,"3","1","3","5","1",NA,"1",NA,"3",NA
NA,"4","1","3","4","2","5","1",NA,"1",NA
NA,"2","2","4","4","1","3","1",NA,"3","3"
"1","5","5","3","5","3",NA,"1","6",NA,NA
NA,"5","4","8","5","2",NA,"1",NA,"3","8"
NA,"3","1","2","5","1","2","1","9","2","3"
NA,"5",NA,"7","5","3",NA,"1","11","2","3"
"6","2","5","4","5","1","3","1","2","3",NA
NA,"5",NA,"6","5","3",NA,"1","7","3",NA
"4","3","2","6","5","2","4","2",NA,"3",NA
"4","1","3","5","5","1","3","1",NA,"3",NA
NA,"1","3","6","5","2","3","1","10",NA,"3"
"3","5",NA,"5","4","4","5","1","8","3",NA
NA,"5","4","7","5","2",NA,"1",NA,"3",NA
"3","6","2","3","5","2",NA,"1","15","1","3"
"3","7","2","7","5","2",NA,"1",NA,NA,"5"
NA,"5",NA,"13","5","3","3","1","8",NA,"6"
"2","7","1","5","5","2",NA,"1",NA,"1","3"
"3","5","3","5","5","2",NA,"1","7","1","2"
NA,"4",NA,"6","5","3",NA,"1","10",NA,NA
NA,"2",NA,"5","3","2","3","1","13",NA,NA
"2","1","1","3","5","1","6","1","4","3",NA
"3","4",NA,"9","5","2","3","1",NA,"1",NA
"3","3",NA,"8","5","2","6","1","12","1",NA
NA,"5","3","9","5","2",NA,"1",NA,NA,NA
"5","5",NA,"14","4","3","6","1","9",NA,"13"
"3","1","2","2","5","1",NA,"1",NA,"3",NA
"3","1","5","5","5","2",NA,"1","4",NA,NA
NA,"5",NA,"5","2","2","2","1","4",NA,"2"
NA,"4",NA,"4","4","2",NA,"1",NA,"3","5"
"2","4","3","4","5","2","3","1","4","1",NA
NA,"4","1","4","5","1",NA,"1",NA,"3","3"
NA,"3","2","8","5","2","6","1","13","1",NA
NA,"3",NA,"6","4","2","3","1","9",NA,NA
"4","5",NA,"16","5","2","6","1",NA,"1","13"
"2","2",NA,"5","5","4",NA,"1","12","1",NA
NA,"6","2","5","5","2",NA,"1",NA,NA,"4"
NA,"5",NA,"7","5","2","5","1","14","1","6"
NA,"6",NA,"8","5","2",NA,"1",NA,"3","3"
"2","6",NA,"4","5","4",NA,"1","13",NA,NA
"6","5",NA,"10","5","4","3","1","11","2",NA
NA,"5",NA,"8","5","3","3","1",NA,"3",NA
"3","1","5","6","5","1","5","1",NA,"3",NA
NA,"3",NA,"10","5","2","4","1",NA,NA,NA
"3","4",NA,"8","5","2","3","1",NA,NA,"4"
NA,"3","4","7","5","2","2","1","8",NA,"2"
NA,"5",NA,"7","5","3","2","1","12",NA,"3"
"4","5",NA,"10","4","3","5","1","7","3","3"
NA,"4","2","6","5","2",NA,"2","3",NA,"5"
"2","6","1","5","5","2",NA,"1","9","3","3"
NA,"2","4","8","5","2","4","1",NA,"3",NA
NA,"3",NA,"7","5","2","5","1","5","3",NA
NA,"2","3","2","5","1",NA,"1",NA,"3",NA
NA,"3",NA,"13","5","2","5","1",NA,NA,NA
"4","7","2","4","5","2",NA,"1",NA,NA,"5"
"1","4",NA,"3","3","2",NA,"1","10",NA,"4"
NA,"7","2","6","5","2","3","1","10","2","5"
"2","1",NA,"4","2","2",NA,"1",NA,"1","3"
NA,"3","2","6","5","2","2","1","8","2",NA
"3","4","4","5","4","2",NA,"1","6","3",NA
"3","3",NA,"6","5","2","3","1","11","2",NA
NA,"3","2","5","5","2",NA,"1","2",NA,"4"
"2","6",NA,"8","5","2","3","1",NA,"1","2"
NA,"3","4","7","5","2","5","1","7",NA,NA
"2","7",NA,"11","5","2","3","1",NA,NA,"3"
"3","5",NA,"5","3","2","2","1","9",NA,"5"
"5","7",NA,"13","5","2","3","1",NA,NA,NA
NA,"6","2","8","5","2","3","1",NA,"2","2"
NA,"5","2","8","5","2","3","1",NA,NA,"4"
"2","7",NA,"5","4","2","3","1",NA,NA,"3"
NA,"5","3","7","5","2","5","1",NA,"3",NA
"3","5","2","9","5","2","6","1",NA,"3","13"
NA,"5","1","1","5","2",NA,"1","12",NA,"4"
NA,"3","3","5","5","2",NA,"1","6",NA,NA
NA,"6",NA,"5","5","4",NA,"1","9",NA,NA
"5","5",NA,"6","3","2","4","1",NA,"3","4"
"2","4",NA,"5","5","3","3","1","11","2",NA
NA,"7","2","8","5","2","5","1",NA,"1","3"
NA,"6","2","9","4","2","3","1",NA,"2","6"
"3","3",NA,"7","5","2",NA,"1","4","3","6"
NA,"3","1","10","5","1","3","1",NA,NA,"11"
NA,"1",NA,"12","4","2","6","1","4","3",NA
NA,"5",NA,"6","5","2",NA,"1",NA,"3","5"
"3","2","2","6","5","2","5","1","9","3",NA
"3","7",NA,"5","5","3",NA,"1","13","1","3"
NA,"7","1","6","5","2","3","1",NA,NA,"6"
NA,"2","2","4","5","1",NA,"1",NA,"3",NA
"2","2","1","2","5","1",NA,"1",NA,"3","6"
NA,"6",NA,"8","5","2","3","1",NA,NA,"2"
NA,"6",NA,"10","5","2","5","1",NA,"3","7"
NA,"5","5","6","5","2",NA,"1",NA,NA,"4"
"2","3","1","7","5","2","4","1","12",NA,NA
"4","5",NA,"6","3","2",NA,"1","7","3","5"
NA,"5","1","5","5","2","6","1","10",NA,"7"
NA,"6",NA,"11","5","2","3","1",NA,"1","2"
NA,"5",NA,"12","5","2","7","1","8","3","11"
NA,"4","3","4","4","1",NA,"1",NA,"3","6"
NA,"2","2","2","5","2",NA,"1","3","3",NA
NA,"7","3","9","5","2","3","1",NA,"3","4"
"3","5",NA,"4","4","2",NA,"1",NA,NA,"7"
NA,"1",NA,"10","5","2","5","1","6","3",NA
"2","5","2","5","3","1","3","1",NA,NA,"3"
"3","5","1","8","5","2",NA,"1","9","1","3"
"3","7","2","7","5","2",NA,"1",NA,NA,"4"
"3","3",NA,"4","5","3",NA,"1","3","3",NA
NA,"7","4","6","5","2",NA,"1",NA,NA,"3"
"2","3","1","3","5","2",NA,"1","7","3",NA
NA,"2","2","4","5","1",NA,"1",NA,"3",NA
"3","3","1","5","5","1",NA,"1",NA,"3",NA
NA,"7","1","5","5","2","3","1",NA,"1","4"
"3","4","4","5","5","2",NA,"1","6",NA,NA
"3","6","1","5","5","2","3","1","11","3","4"
"4","3","5","5","4","2",NA,"1",NA,"3",NA
"3","4","3","7","5","2",NA,"1","8",NA,"5"
"2","1","1","3","5","1","5","1","2",NA,NA
"5","5",NA,"8","5","2","5","1",NA,"3","5"
"1","2","2","6","5","2","3","1","1",NA,NA
NA,"4",NA,"10","5","2","6","1",NA,NA,NA
"2","6","2","6","5","2",NA,"1",NA,"3","3"
NA,"1","1","3","5","1",NA,"1",NA,"3",NA
NA,"7","2","7","5","2",NA,"1",NA,NA,"4"
NA,"5","1","1","5","2",NA,"1",NA,NA,"3"
"4","7","2","5","5","3",NA,"1","13",NA,NA
"2","6","4","6","5","1",NA,"1",NA,NA,"3"
"3","4",NA,"12","5","3","7","1",NA,"3",NA
NA,"5",NA,"4","5","3",NA,"1","6","3",NA
NA,"5","5","5","5","2","3","1","6","3","6"
NA,"3","4","7","5","2","5","1","4",NA,NA
"3","6","2","8","5","2","5","1",NA,"1",NA
"2","2","2","3","5","1",NA,"1","5","3",NA
"2","2",NA,"7","4","2","7","1",NA,"3",NA
"2","7",NA,"8","5","3",NA,"1",NA,"1","10"
NA,"7",NA,"8","5","3","5","1","12",NA,"4"
NA,"7","2","4","5","2",NA,"1",NA,"3","5"
NA,"3","2","6","5","2",NA,"1","13",NA,NA
NA,"6","1","7","5","1","4","1",NA,NA,"6"
"2","7","1","5","5","2",NA,"1",NA,"1","3"
"2","2","1","4","5","1","5","1","4","3",NA
NA,"4","1","4","5","2",NA,"1","14","1","3"
NA,"3",NA,"7","5","4","5","1","8",NA,NA
NA,"2","1","3","3","2","2","1","16","1",NA
"2","5","2","5","5","2",NA,"1","12","3","4"
NA,"3",NA,"5","5","3",NA,"1","9",NA,NA
"3","3","5","8","5","1",NA,"1",NA,"3",NA
NA,"3","1","4","5","1","6","1",NA,NA,"4"
NA,"5","1","4","4","2",NA,"1","9","3","10"
NA,"6",NA,"11","5","2","6","1",NA,"3","11"
"2","6","2","6","5","2","3","1","14",NA,"4"
"4","7",NA,"8","5","2","5","1",NA,NA,"9"
"2","3","1","1","5","1",NA,"1",NA,NA,NA
NA,"5",NA,"8","5","2",NA,"1","9",NA,"9"
"4","5",NA,"12","5","2","5","1","8",NA,"13"
"2","5","1","8","5","2",NA,"1","8","3",NA
NA,"5",NA,"5","5","3",NA,"1","14","1",NA
NA,"4","4","6","5","2","5","1","7","3",NA
"4","5",NA,"8","5","2",NA,"1",NA,"3",NA
"2","6",NA,"8","5","2",NA,"1","9",NA,"5"
"2","1",NA,"12","5","2","6","1","9",NA,NA
NA,"7",NA,"6","5","4",NA,"1","11",NA,"6"
"2","5","1","6","5","1",NA,"1",NA,NA,"5"
NA,"4",NA,"5","3","2",NA,"1",NA,NA,"5"
NA,"6","1","4","5","2",NA,"1","15","1","5"
NA,"6",NA,"10","5","2","5","1",NA,"1","8"
"3","3",NA,"8","5","2","6","1","7","3","8"
"1","7","2","6","5","2",NA,"1","15","1","4"
NA,"1",NA,"11","5","2","3","1","11",NA,NA
"3","5","4","4","3","2","1","1",NA,NA,"5"
NA,"7",NA,"6","5","3",NA,"1","11","1","4"
"2","7",NA,"6","5","3","3","1","6","3","7"
"2","3",NA,"6","2","2","4","1",NA,"3",NA
NA,"2","1","4","5","1","3","1",NA,"3",NA
"3","3",NA,"13","5","3","6","1",NA,"2",NA
"3","1","6","6","5","2","3","1","4","1",NA
"3","5","2","5","5","2",NA,"1",NA,NA,"3"
NA,"4","2","4","5","2",NA,"1","10","1","4"
NA,"7",NA,"6","5","3",NA,"1","11","3","4"
"2","7",NA,"6","5","3",NA,"1","14","2","5"
"2","7",NA,"5","5","3",NA,"1","11","2","4"
NA,"3","4","3","4","1",NA,"2",NA,"3",NA
NA,"5",NA,"9","5","2","6","1",NA,"3","13"
NA,"5",NA,"9","5","2","6","1",NA,NA,"5"
"2","2","2","4","5","2","6","1","14",NA,NA
"2","7",NA,"8","5","2",NA,"1",NA,"1","3"
"4","4",NA,"5","5","3",NA,"1","9",NA,NA
"4","5",NA,"10","5","3","5","1","8",NA,"8"
"2","2","2","5","5","2",NA,"1","12",NA,NA
"5","7",NA,"9","5","2","6","1",NA,"2","9"
"3","5",NA,"8","5","2","3","1","4",NA,"4"
NA,"7",NA,"6","5","3",NA,"1",NA,"1","3"
"2","7","1","5","5","2","6","1","15",NA,"9"
"2","3",NA,"3","5","3","6","1","6",NA,"4"
"3","3","2","3","4","1",NA,"1",NA,NA,"2"
"2","7","2","5","5","3","2","1","16","1","3"
NA,"2","2","4","5","2","3","1",NA,NA,NA
"2","6","6","5","5","2",NA,"1","11",NA,"3"
NA,"1",NA,"11","5","2","6","1",NA,"3",NA
"3","1","2","6","5","2","6","1",NA,"3",NA
"1","7",NA,"7","2","3","2","1","15","1","3"
"3","5",NA,"9","5","2","3","1","9",NA,"13"
NA,"7","1","6","5","1",NA,"1",NA,"3","4"
NA,"3",NA,"9","5","3","5","1","3","3",NA
NA,"5","1","2","4","2","3","1","12","1","3"
"4","6","2","7","5","2","6","1","9","3","6"
"3","5",NA,"6","5","4","3","1","11",NA,"5"
NA,"4","1","7","5","2",NA,"1","9","1","4"
"3","5",NA,"8","5","2",NA,"1",NA,NA,"4"
NA,"7",NA,"6","5","2","3","1",NA,"3","3"
NA,"5",NA,"8","5","4","3","1","5",NA,NA
"3","6","1","5","5","2",NA,"1","15","1",NA
"2","1","1","3","5","1",NA,"1",NA,"3",NA
NA,"7","2","8","5","2",NA,"1",NA,"1","6"
NA,"2","4","6","5","1","3","1",NA,NA,NA
"2","1","2","3","3","1","3","1",NA,"1",NA
"1","1","1","1","5","2",NA,"1","2",NA,NA
NA,"4","3","9","5","2","6","1",NA,NA,NA
NA,"1","1","2","5","2",NA,"1","13",NA,NA
"3","7",NA,"6","5","3",NA,"1","11",NA,"8"
NA,"4","1","3","5","2",NA,"1","14",NA,NA
NA,"4",NA,"6","5","3",NA,"1","7",NA,"4"
"3","1","4","7","5","2","5","1","4","3",NA
NA,"2","2","8","5","2","5","1",NA,NA,"9"
"4","7",NA,"9","5","2","3","1",NA,NA,"3"
"3","4",NA,"10","3","3","5","1","8","3","4"
NA,"4","1","6","5","1","5","1","5","3","6"
NA,"3","3","6","5","2","5","1","5",NA,NA
"3","3",NA,"3","1","2","2","1","14","1","3"
"4","4","2","7","5","2","6","1","9",NA,"8"
"2","3","1","4","5","2",NA,"1","6","3","3"
NA,"6",NA,"9","5","3","3","1",NA,"3","5"
NA,"3","7","7","4","2","3","1","4","3","3"
"3","5",NA,"13","5","2","3","1",NA,"1","3"
"4","5",NA,"9","4","1","6","1",NA,NA,"6"
"3","7","2","7","5","2",NA,"1",NA,NA,"13"
"4","4","5","5","5","2",NA,"1","5","2",NA
NA,"3",NA,"5","2","2","2","1","5","3","3"
NA,"2",NA,"11","5","2","3","1","2",NA,NA
"2","5","2","3","5","2",NA,"1","6",NA,"13"
"4","4","7","8","5","2","5","1","6",NA,NA
"3","2",NA,"8","5","2","3","1","7","3",NA
"4","1","3","6","5","1","3","1",NA,"3",NA
NA,"4",NA,"8","4","2","2","1",NA,"3","4"
"2","7","2","7","5","2",NA,"1",NA,"1","3"
NA,"1",NA,"6","4","2","5","2","5","3",NA
NA,"3",NA,"7","5","4",NA,"1","11","2",NA
NA,"4","2","4","5","1",NA,"1",NA,"1","3"
"5","2","4","7","5","2","5","1","8","3",NA
"3","6",NA,"10","5","2","6","1",NA,NA,NA
"4","4",NA,"6","5","4","4","1","7","3",NA
NA,"7","2","8","5","2","5","1",NA,"3","5"
"5","5","3","6","5","2","5","1","9","3","5"
"1","4","1","4","5","2",NA,"1","14",NA,NA
NA,"4","1","4","5","1",NA,"1",NA,"3","5"
"2","1",NA,"5","5","4","3","1","12","2",NA
"2","5","3","5","5","2",NA,"1",NA,"3","4"
"3","4",NA,"6","3","2","3","1",NA,NA,"4"
"2","5","1","5","5","1",NA,"1",NA,NA,"4"
"2","1","1","2","5","1",NA,"1","7",NA,NA
"3","1","7","6","5","2","6","1","6","3",NA
NA,"4","3","5","5","2","5","1",NA,NA,NA
NA,"5",NA,"7","5","2",NA,"1","8","3",NA
NA,"5",NA,"8","5","3","6","1",NA,"3","9"
"1","7","1","5","5","2",NA,"1",NA,"2","4"
"2","7","1","5","5","1",NA,"1",NA,NA,"3"
NA,"7",NA,"5","5","3",NA,"1","14",NA,"3"
"3","5",NA,"5","5","3",NA,"1","9","1","4"
NA,"1","3","3","5","1","3","1","2",NA,NA
NA,"7","2","6","5","2",NA,"1",NA,NA,"4"
"4","4",NA,"6","5","3","5","1","7","3",NA
"3","3",NA,"5","3","2",NA,"1",NA,NA,NA
NA,"3",NA,"6","5","3",NA,"1","6","3",NA
NA,"7",NA,"4","5","3",NA,"1",NA,"1","3"
"5","2","1","5","5","1","3","1",NA,"3",NA
"1","5","1","4","5","2","3","1","14",NA,"3"
"3","4",NA,"5","5","3",NA,"2","12","3",NA
"1","5","1","3","5","1",NA,"1",NA,"1","3"
"3","5",NA,"5","5","3","3","1","11",NA,NA
"2","3","2","1","4","1",NA,"2",NA,NA,"3"
NA,"5",NA,"4","2","2",NA,"1","12","2","3"
NA,"7",NA,"8","5","3",NA,"1",NA,"3","6"
NA,"1","2","4","5","1",NA,"1",NA,"1",NA
"1","7","1","3","5","1",NA,"1",NA,NA,"3"
"1","4",NA,"6","5","2",NA,"1","8",NA,NA
NA,"1",NA,"5","2","2","2","1","9",NA,NA
NA,"3",NA,"7","5","2","5","1",NA,"3","9"
"3","7","2","5","5","3","2","2","11","1","4"
NA,"3","2","4","5","2",NA,"1","10",NA,NA
"3","4",NA,"8","5","2","4","1",NA,"3","7"
"2","6","1","6","5","1",NA,"1",NA,NA,"4"
NA,"6",NA,"7","5","4",NA,"1","13","1","5"
"3","5","4","6","5","2",NA,"1",NA,NA,"4"
"3","3",NA,"7","5","2","3","1","17",NA,NA
"2","1","4","5","5","1","3","1","2","3",NA
NA,"4","2","1","4","2",NA,"1","7",NA,NA
"1","1","3","5","4","1","5","1",NA,"3",NA
"2","5",NA,"9","5","3","3","1","11","3","3"
NA,"5",NA,"8","5","4","4","1","10",NA,"5"
NA,"5","2","8","5","2","3","1",NA,NA,"3"
NA,"6",NA,"4","5","3",NA,"1","12","2","4"
"3","3",NA,"7","4","2","2","1","7",NA,"5"
NA,"6",NA,"5","3","2",NA,"1","7","3","8"
"3","3","4","5","5","2",NA,"1",NA,"3","5"
"3","5","1","6","5","2","3","1",NA,"3",NA
NA,"6",NA,"2","1","2",NA,"1",NA,"1","3"
"2","7","1","6","5","1","4","1",NA,"1","3"
"2","1","1","2","5","1",NA,"1","3","3",NA
"7","5","7","9","4","1",NA,"1",NA,NA,"4"
NA,"7","2","6","5","2",NA,"1",NA,NA,"5"
NA,"1","2","7","5","2","5","1","4","3",NA
"4","5",NA,"7","4","2","3","1",NA,NA,"5"
"3","3","2","6","5","1","5","1",NA,NA,"7"
NA,"5","1","4","5","1",NA,"1",NA,NA,"4"
NA,"5","2","8","5","2",NA,"1","13",NA,"3"
NA,"1","2","2","5","1","3","1","2","3",NA
"4","5",NA,"9","5","3","3","1","6",NA,NA
"3","7",NA,"5","5","3",NA,"1","10",NA,"5"
"3","5",NA,"4","3","2","3","1","9",NA,"4"
"3","1",NA,"14","4","1","5","1",NA,"3",NA
NA,"7",NA,"9","5","3",NA,"1","12","1","4"
NA,"6",NA,"9","5","2","3","1","9",NA,"13"
"1","1","1","1","5","1",NA,"1","4","3",NA
"3","5",NA,"4","3","2","3","1","10","3","4"
NA,"4","3","6","5","1",NA,"2",NA,NA,"4"
NA,"3",NA,"5","5","4",NA,"1","9","1",NA
"3","4",NA,"5","5","4",NA,"1","11","3",NA
NA,"7","3","4","5","2",NA,"1",NA,NA,"3"
"2","3","3","6","5","2","3","1",NA,NA,NA
"3","3","3","5","5","2",NA,"1","4",NA,NA
"2","1","1","3","5","1",NA,"1","2","3",NA
"3","3",NA,"4","2","2","2","1","8","3","4"
"3","3",NA,"4","5","4",NA,"1","8","3",NA
"7","6","1","7","5","2","4","1",NA,"3","5"
"4","6","2","7","5","2",NA,"1",NA,"2","4"
"6","5",NA,"12","5","2","3","1",NA,"1",NA
"3","5","2","7","5","2","6","1",NA,NA,"7"
NA,"5",NA,"9","5","2","5","1",NA,"3","4"
NA,"3",NA,"16","5","2","6","1",NA,"3","13"
NA,"6",NA,"10","4","2","4","1",NA,NA,"2"
"3","6","2","8","5","2","3","1",NA,"3","5"
"4","6","2","11","5","2","5","1",NA,"3","3"
"7","5",NA,"13","5","3","6","1",NA,NA,NA
"4","5","1","2","5","2",NA,"1","10","1","3"
NA,"5",NA,"3","2","2",NA,"1","9","3","3"
NA,"6",NA,"7","5","2",NA,"1",NA,NA,"6"
"3","1","1","4","4","1","3","1","2","3",NA
"3","7","2","4","4","2","3","1",NA,NA,"4"
"4","5",NA,"10","5","2","5","1",NA,NA,"13"
"2","2","1","3","5","2","4","1","9","3",NA
"3","4",NA,"5","4","2","6","1",NA,NA,"3"
"4","6",NA,"10","5","4","5","1","9","3",NA
NA,"4","4","7","5","2","5","1","5",NA,NA
NA,"4","2","5","5","2",NA,"1","13",NA,NA
NA,"5","1","3","5","2",NA,"1",NA,NA,"5"
NA,"2","1","3","5","1","6","1",NA,"3",NA
NA,"3",NA,"8","5","2","3","1","11","3",NA
"5","1","6","4","5","3","3","1","7",NA,NA
NA,"1",NA,"8","3","2","3","1","8","3",NA
"3","3",NA,"4","4","2","2","1","7","3",NA
"2","5","1","5","5","2","3","1","12","1","4"
"3","5","3","6","5","2","5","1","6","3","6"
NA,"2",NA,"15","5","1","5","1",NA,NA,NA
"3","5",NA,"10","5","2","5","1",NA,"3","3"
"3","1",NA,"4","3","2","4","1","3",NA,NA
NA,"5","1","8","5","1",NA,"1",NA,NA,NA
NA,"6","3","7","5","2","4","1",NA,NA,"9"
NA,"3","1","5","5","1",NA,"1",NA,NA,"5"
NA,"4","4","6","5","2",NA,"1",NA,NA,"2"
NA,"4",NA,"5","5","3","3","1","7","2","2"
"2","7","1","9","5","1",NA,"1",NA,NA,"5"
"4","3",NA,"5","5","3",NA,"1","12",NA,NA
"1","1","1","6","5","2","3","1","9","1",NA
NA,"3","1","5","5","1",NA,"1",NA,NA,"3"
NA,"1","2","6","5","3","3","1","6",NA,NA
"3","4",NA,"4","3","2",NA,"1","5","2","2"
NA,"2",NA,"5","5","4","3","1","9","3",NA
NA,"7","1","8","5","2",NA,"1",NA,NA,"4"
NA,"4","1","8","5","1","2","1",NA,NA,"7"
"5","5",NA,"6","5","4","3","2","10","3","10"
"3","2","2","3","5","2","3","1",NA,"3",NA
NA,"5",NA,"9","5","2","6","1","8","3","7"
NA,"4",NA,"8","5","3","3","1","9",NA,NA
"3","3","4","5","5","2","3","1","4",NA,NA
"3","4","4","4","5","2",NA,"1","5","3",NA
NA,"5",NA,"7","5","3","7","1","10","3",NA
"3","4","3","5","5","2",NA,"1","6","3","8"
NA,"5","3","7","5","2",NA,"1",NA,NA,"3"
NA,"1","1","3","5","2",NA,"1","12",NA,NA
NA,"6","1","6","5","2",NA,"1",NA,"3","5"
"4","1",NA,"7","5","2","6","1","8",NA,NA
NA,"6","1","6","5","2",NA,"1",NA,NA,"4"
"4","5",NA,"8","5","2","5","1","10","3","3"
NA,"6",NA,"8","5","2","5","1",NA,"3","6"
NA,"5","3","8","5","1","5","1",NA,"3","4"
"2","1","1","5","5","2","3","1","4",NA,NA
NA,"7",NA,"7","5","3",NA,"1","13","1","5"
"4","5",NA,"6","3","2","1","1","9","1","3"
"3","4",NA,"9","5","2","5","1",NA,NA,"6"
"4","5",NA,"6","3","2","3","2",NA,"1","2"
NA,"7",NA,"10","5","2","6","1",NA,NA,"7"
"2","5","1","5","5","1",NA,"1",NA,"1","2"
"2","6",NA,"6","3","2","5","1","9","3","4"
"2","3","1","3","5","1",NA,"1",NA,NA,NA
"3","3","4","7","5","2","5","1","4","3",NA
NA,"3","1","2","5","1",NA,"1",NA,NA,"4"
"3","4","3","6","5","1",NA,"1",NA,NA,"4"
"2","5",NA,"6","5","3","6","1","8","3",NA
"4","5",NA,"7","5","2","7","1","8",NA,"7"
"4","4","5","6","5","2",NA,"1","4",NA,"4"
NA,"4",NA,"7","3","3","3","1","10",NA,"3"
"1","2",NA,"4","4","3","6","1","5","3",NA
"2","1","2","5","5","2","3","1","9","3",NA
"4","2",NA,"8","4","3","3","1","5",NA,NA
NA,"5","2","6","5","2",NA,"1","10","3","4"
"2","1","1","7","5","1","5","1","2",NA,NA
"2","5","1","3","5","2",NA,"1",NA,NA,"4"
"1","2","1","4","5","1","2","1",NA,NA,NA
NA,"7",NA,"7","5","2","5","1",NA,"1","4"
NA,"2","2","4","5","1",NA,"1",NA,"3",NA
NA,"4","1","4","5","1",NA,"1",NA,"3","5"
NA,"3",NA,"9","5","4","5","1","6","3",NA
"3","4","2","5","5","2","5","1",NA,NA,NA
"2","1","1","6","5","2",NA,"1","7","3",NA
"2","3","3","1","3","1",NA,"1","6",NA,"4"
NA,"1",NA,"5","5","3",NA,"1","12",NA,NA
"3","5",NA,"9","5","2","6","1",NA,NA,"11"
NA,"4","4","6","5","2","3","1",NA,"3",NA
"4","4","5","6","5","2",NA,"1","6",NA,"4"
NA,"1","3","1","3","2","5","1","4",NA,NA
"4","4",NA,"6","2","3","2","1","11",NA,"4"
NA,"5","4","5","5","2","3","1",NA,NA,NA
NA,"1",NA,"3","5","3",NA,"1","10",NA,NA
NA,"3","2","4","5","2",NA,"2","7",NA,"10"
NA,"3",NA,"8","5","2","3","1","11","1",NA
NA,"3","2","3","5","2",NA,"1","9",NA,NA
NA,"3",NA,"7","5","2","6","1","3","3",NA
NA,"3",NA,"6","5","4",NA,"1","8","3",NA
NA,"4","4","8","5","2","5","1","5",NA,NA
"3","2","3","4","4","2","5","1","5",NA,NA
"2","7",NA,"7","5","2","2","1",NA,NA,"3"
"2","1","2","7","5","2","4","1","12",NA,NA
NA,"6","1","5","5","2",NA,"1",NA,NA,"4"
"2","4","1","5","5","1",NA,"1","8","3","4"
NA,"5","3","5","5","2","3","1","8","3","3"
NA,"5","2","4","5","2","3","1",NA,NA,NA
NA,"6",NA,"10","4","2","6","1",NA,NA,"13"
NA,"7",NA,"6","5","3","2","1","12","1","3"
NA,"6",NA,"6","5","2","3","1","10",NA,NA
"3","2","4","6","5","2",NA,"1","6",NA,NA
NA,"6","1","3","5","3","2","1","13",NA,"3"
"7","1","6","8","5","2","3","1","3",NA,NA
NA,"3","2","5","5","2",NA,"1","13",NA,NA
"5","3",NA,"8","5","4",NA,"1","5",NA,NA
NA,"5","4","5","5","2",NA,"1",NA,"3","5"
NA,"3","1","4","5","2",NA,"2","8","3",NA
NA,"3","1","5","5","1",NA,"1",NA,NA,NA
"3","5",NA,"5","5","3",NA,"1","13","1",NA
"3","2","4","6","5","2","4","1","3",NA,NA
"2","7","4","3","5","1",NA,"1",NA,"1","3"
"2","3",NA,"4","4","3","3","1","12",NA,NA
NA,"7","1","7","5","2","3","1",NA,"1","4"
"4","7","2","11","5","2",NA,"1",NA,NA,"6"
"1","4",NA,"3","5","3",NA,"1","11","3",NA
NA,"5",NA,"8","5","4","3","1","9","2",NA
"5","1","4","7","5","2","3","1","3",NA,NA
NA,"3","2","6","5","2","3","1","6",NA,NA
"3","6",NA,"9","5","2","5","1",NA,"1","1"
"3","5",NA,"8","5","2","6","1","8",NA,"8"
NA,"1",NA,"7","4","2","5","1","10",NA,NA
NA,"7",NA,"7","2","2","2","1",NA,NA,"4"
NA,"4",NA,"10","5","2",NA,"1",NA,"3",NA
"2","3",NA,"5","5","3",NA,"1","10","3",NA
"2","3",NA,"10","5","4","5","1","8",NA,NA
"4","3","5","6","5","2",NA,"1","5","3",NA
"3","7","2","7","5","2",NA,"1",NA,NA,"3"
NA,"2","2","3","5","1","5","1",NA,NA,NA
"3","5","2","7","4","1","6","1",NA,"3","9"
"3","2","3","7","5","2","5","1","4",NA,NA
NA,"5",NA,"7","5","3","3","1","10","3","4"
NA,"1","1","5","5","1","5","1",NA,NA,NA
"5","2","4","6","4","1",NA,"1",NA,NA,NA
NA,"6",NA,"3","5","3",NA,"1","13",NA,"3"
NA,"4",NA,"4","5","4","3","1","12",NA,NA
"4","7",NA,"9","5","3",NA,"1","9","3","8"
NA,"5","1","4","5","2",NA,"1","12","1","3"
"3","5",NA,"4","3","2",NA,"2","11","1","3"
"2","1",NA,"3","3","2","6","1","3",NA,NA
NA,"5",NA,"9","5","4",NA,"1","7","3","5"
"3","2","3","6","5","2",NA,"1",NA,NA,NA
"3","5",NA,"10","5","2","5","1",NA,"3","11"
"3","5","5","7","5","2",NA,"1",NA,"3","5"
"3","1",NA,"6","4","2","2","1","3","3",NA
NA,"5",NA,"7","5","3","6","1","12","3","5"
"3","5",NA,"4","5","3","3","1","9",NA,"3"
NA,"1","2","3","5","2","6","1","7","3",NA
"2","1","1","6","5","2","3","1","8",NA,NA
"2","7",NA,"2","5","3",NA,"1",NA,NA,"3"
"1","1","2","4","5","1","3","1",NA,"3","4"
"4","3",NA,"9","3","2","5","1",NA,NA,NA
"4","5",NA,"8","5","3","6","1","12",NA,"7"
NA,"5","3","7","5","2",NA,"1",NA,NA,"7"
NA,"4","4","7","5","2",NA,"1",NA,"3","8"
"3","1","2","8","5","1","5","1","5","3",NA
"2","7","2","6","5","2","3","1",NA,"1","2"
"3","5",NA,"5","5","3","4","1","10",NA,"4"
NA,"5",NA,"7","5","2",NA,"1",NA,"3",NA
"2","7",NA,"7","5","2","3","1",NA,NA,"4"
"4","6",NA,"8","5","2","3","1",NA,NA,"5"
"3","7",NA,"9","5","2","3","1",NA,"3","4"
"3","7","2","8","5","2","4","1",NA,"1","3"
"3","7",NA,"9","5","2","5","1",NA,NA,"4"
NA,"4",NA,"8","5","3",NA,"1","10","3","3"
"6","4",NA,"10","5","3","4","1","10","3",NA
NA,"3","1","1","5","2",NA,"1",NA,"1",NA
NA,"5",NA,"6","5","3",NA,"1","10","2","3"
NA,"4","1","4","5","2",NA,"1",NA,NA,"3"
"3","2","2","8","5","2","3","1","6",NA,NA
NA,"7",NA,"5","5","3",NA,"1",NA,"1","4"
NA,"5",NA,"10","5","2","3","1",NA,NA,"10"
"2","3","1","5","5","1","3","1",NA,"3","5"
"2","5",NA,"4","3","2",NA,"1","6",NA,"4"
NA,"3",NA,"4","5","3","2","1","11","1",NA
"3","5","1","6","5","2","5","1",NA,NA,"4"
NA,"3",NA,"6","5","4",NA,"1","11",NA,NA
"3","7","2","6","5","2",NA,"1",NA,"3","4"
"3","6","3","6","5","2",NA,"1","8","3","4"
"3","1","1","4","5","1","3","1",NA,NA,NA
"3","4","1","5","5","3",NA,"1","10",NA,NA
NA,"5",NA,"8","5","3",NA,"1","10",NA,"6"
NA,"7","2","6","5","2",NA,"1",NA,"3","6"
NA,"3","5","7","5","2","3","1",NA,NA,NA
NA,"6","5","4","5","2",NA,"1","10",NA,"7"
"3","5","2","4","5","2",NA,"1","6","3","3"
"3","5","4","6","5","2","3","1","11",NA,"4"
NA,"3",NA,"7","5","3","6","1",NA,NA,NA
NA,"4",NA,"4","5","2",NA,"1",NA,NA,NA
NA,"6",NA,"6","5","3",NA,"1","11","1","4"
"4","6","5","5","5","2",NA,"1","7","3","9"
"2","2",NA,"4","5","3","5","1","8",NA,NA
"1","7",NA,"4","2","2",NA,"2",NA,"1","3"
NA,"1","1","3","5","3","5","1","10",NA,NA
NA,"7","1","6","5","2","3","1",NA,"3","4"
"2","2","1","5","5","1","6","1",NA,NA,NA
NA,"7","2","6","5","2","3","1",NA,NA,"2"
"3","7",NA,"9","5","2","4","1",NA,"2","5"
NA,"6",NA,"3","5","4",NA,"1","11","1",NA
"3","4",NA,"2","5","4",NA,"1","9",NA,NA
NA,"6",NA,"4","5","3",NA,"1","10",NA,"3"
NA,"2","2","5","5","2","6","1","4",NA,NA
"3","6","3","5","5","2",NA,"1",NA,"3","6"
NA,"4","2","8","5","1",NA,"1",NA,NA,"11"
NA,"2","2","4","5","2",NA,"1","11",NA,NA
"3","7",NA,"10","5","2","3","1",NA,"1","3"
NA,"1","1","2","5","1",NA,"1","2",NA,NA
"4","3",NA,"8","4","2","3","1","8","1",NA
NA,"7",NA,"5","5","3",NA,"1","10",NA,"2"
"3","1",NA,"7","5","2",NA,"1",NA,"3",NA
"4","7","1","8","5","2","3","1",NA,"3","12"
NA,"7","3","8","5","2",NA,"1",NA,NA,"11"
"2","2",NA,"8","5","3","3","1","6",NA,NA
"3","5",NA,"7","5","2","6","1",NA,"3","13"
"2","3","2","6","5","2","3","2","7","3",NA
NA,"5","1","4","5","1",NA,"1",NA,NA,"3"
NA,"1","2","8","5","2","5","1","10",NA,NA
"3","7",NA,"12","5","2","3","1",NA,"1","5"
"2","6",NA,"4","5","3","4","1","10",NA,"5"
"4","7","3","7","5","2","6","1","10",NA,"8"
"3","5",NA,"10","5","2","5","1",NA,"3","6"
"2","3","2","7","5","1","5","1",NA,"3",NA
NA,"3","4","3","4","2",NA,"1","4",NA,"4"
NA,"5","1","4","5","1",NA,"1",NA,NA,"6"
NA,"5",NA,"8","5","2",NA,"1",NA,"3","7"
"3","3","4","4","4","1","3","1",NA,NA,"3"
NA,"7",NA,"7","5","2",NA,"1",NA,NA,"4"
NA,"3",NA,"5","3","2",NA,"1",NA,"3","4"
NA,"3","2","6","4","1","5","1",NA,NA,"4"
"3","3","4","5","5","2","4","1",NA,NA,NA
"4","7",NA,"5","4","3","3","1","10","3","4"
"2","7","1","4","5","2",NA,"1","13",NA,"4"
NA,"5","4","6","4","1","3","1",NA,NA,"4"
"2","5",NA,"6","5","3","3","1","12",NA,NA
"3","6",NA,"6","5","2","3","1",NA,"1","4"
NA,"3","1","7","5","2","6","1","12","1",NA
NA,"5","5","7","5","2","6","1",NA,NA,NA
"3","3","2","2","5","3",NA,"1","9","3",NA
NA,"2",NA,"7","5","3","6","1","6",NA,NA
NA,"2","2","7","5","2","5","1","5","3",NA
"5","1","4","7","5","2","3","1",NA,NA,NA
NA,"6",NA,"8","5","3",NA,"1","11",NA,"3"
"2","4","1","1","5","2",NA,"1","14",NA,"3"
"1","3","2","5","5","2","2","1","10",NA,NA
"1","6","1","8","5","2",NA,"1",NA,"1","4"
NA,"5",NA,"11","5","2","4","1",NA,NA,NA
"1","1","3","5","5","2","3","1","2","3",NA
"3","5",NA,"9","5","2","6","1",NA,"3","6"
"1","5","5","7","5","2","5","1",NA,"3","4"
NA,"6","2","6","5","2",NA,"1",NA,NA,"3"
NA,"5","4","8","5","2","6","1","9",NA,"11"
"3","3",NA,"8","5","2","2","1",NA,NA,"3"
"2","1","1","3","5","1","5","1","2","3",NA
NA,"2",NA,"14","5","3","3","1","4",NA,NA
NA,"5",NA,"8","5","2","3","1",NA,NA,NA
"2","7",NA,"7","5","2","3","1",NA,"3","4"
NA,"4",NA,"6","4","4","4","1","8","3",NA
"3","6","1","5","5","1",NA,"1",NA,"1","4"
NA,"6","1","11","5","1","3","1",NA,NA,"2"
"4","5",NA,"6","5","4","3","1","7","3",NA
"3","4","5","5","5","2",NA,"2","6",NA,NA
"3","5","4","8","5","2","5","1",NA,NA,"6"
"3","1",NA,"4","5","3",NA,"1","5","3",NA
"2","1","1","3","5","1","5","1",NA,NA,NA
NA,"5","1","2","4","1",NA,"1",NA,"3","9"
"4","1",NA,"8","2","2","2","1","7","3",NA
"2","3","2","4","5","2",NA,"1","8","3",NA
"3","1","3","4","5","1",NA,"1","3","3",NA
NA,"5",NA,"7","4","2","5","1",NA,NA,"2"
"2","3","1","8","5","2","6","1",NA,NA,NA
"3","1","2","6","5","2","5","1","9",NA,NA
"2","1","2","6","5","2",NA,"1","6",NA,"3"
"5","6",NA,"9","5","3",NA,"1","10","3","7"
NA,"3",NA,"11","5","3","3","1","7",NA,NA
"4","4",NA,"4","3","2","4","1",NA,"3","5"
NA,"7","1","8","5","2","5","1",NA,NA,"7"
"1","2",NA,"10","5","4","3","1","13",NA,NA
"4","3",NA,"10","4","2","7","1","12","3",NA
"5","5",NA,"9","5","2","6","1",NA,"1","6"
"2","1","7","9","5","1","3","1",NA,NA,NA
"3","7","2","6","5","2",NA,"1",NA,NA,"4"
NA,"5",NA,"7","5","4","5","1","13","2",NA
NA,"1","1","1","5","1",NA,"1","2","3",NA
NA,"5",NA,"8","4","3","5","1","8","3","9"
NA,"5",NA,"8","2","2","3","1","10","3","4"
NA,"5","4","5","5","2",NA,"1","5","3","4"
NA,"5","1","4","5","1",NA,"1",NA,NA,"5"
"4","7","2","6","5","2","5","1",NA,"3","5"
"2","1",NA,"5","5","4","2","1","8",NA,NA
"3","6",NA,"5","3","2","3","1",NA,NA,"3"
NA,"7",NA,"7","5","2",NA,"1","12",NA,"3"
"3","4",NA,"7","5","3",NA,"1","5",NA,NA
"1","1","2","3","5","2",NA,"1","7","3",NA
"1","6","2","6","5","2",NA,"1",NA,NA,"5"
"2","7","1","6","5","2",NA,"1",NA,"2","4"
NA,"4",NA,"8","3","2","5","1",NA,"3","10"
"5","6","2","5","5","2",NA,"1",NA,"3","5"
"4","4","2","6","5","2","3","1",NA,NA,"6"
NA,"1",NA,"3","5","4","6","1","10","3",NA
"2","4","3","5","5","1",NA,"1",NA,"3","11"
"2","7","1","7","5","2","3","1",NA,"1","4"
NA,"6","2","8","5","2","3","1","11","1","5"
NA,"7","2","6","5","2",NA,"1",NA,"3","6"
NA,"2","1","10","4","1","7","1",NA,"3",NA
"2","2",NA,"3","4","3","6","1","8","3",NA
NA,"3","3","7","5","2","4","1",NA,NA,NA
NA,"6","1","7","5","1","5","1",NA,"3","6"
"3","2",NA,"7","2","2","1","1","8","3","4"
NA,"7","2","7","5","2","6","1",NA,"1","4"
"2","6","2","5","5","2",NA,"1",NA,"3","4"
NA,"6","2","6","5","2","5","1",NA,"2","5"
"3","3",NA,"4","2","2","1","1","8",NA,"3"
"4","5",NA,"11","5","2","3","1",NA,NA,"5"
"3","7","1","3","4","2",NA,"1",NA,NA,"3"
"2","5","1","5","5","1",NA,"1",NA,"1",NA
"2","6","2","5","5","2",NA,"1",NA,"1","4"
NA,"3","1","4","5","2","2","1","6",NA,NA
NA,"1","1","5","5","1","3","1",NA,"3",NA
"2","1","4","7","5","2",NA,"1","10","1",NA
"3","6",NA,"8","5","2","3","1",NA,NA,"5"
NA,"7",NA,"7","5","4",NA,"1","11",NA,"4"
"2","3","1","7","5","2","3","1",NA,"2","4"
"1","3","2","4","5","1",NA,"1",NA,"1","4"
NA,"5","1","5","5","1",NA,"1",NA,NA,"5"
"3","5",NA,"11","5","3","6","1",NA,"3",NA
NA,"6",NA,"8","5","3","5","1","8","3","7"
NA,"2","1","4","5","1",NA,"1",NA,NA,NA
NA,"7",NA,"10","5","2",NA,"1",NA,"3","4"
NA,"4",NA,"4","1","2",NA,"1","10","1","3"
"2","2","2","4","4","1",NA,"1","8",NA,NA
"3","3","2","6","4","2","3","1",NA,NA,"4"
NA,"4","4","5","5","2",NA,"1","5",NA,"6"
NA,"2",NA,"13","5","2","2","1",NA,NA,NA
NA,"1",NA,"6","5","3",NA,"1","10","1",NA
"2","1","1","5","5","2","5","1","11",NA,NA
"1","7","1","6","5","1","3","1",NA,NA,"3"
NA,"6","1","8","4","1","5","1",NA,NA,"12"
"4","5","4","6","5","2",NA,"1","6","3","3"
NA,"5",NA,"4","5","3",NA,"1","9","3","7"
"2","1","2","5","5","2",NA,"1","9","3",NA
"2","5",NA,"6","5","4","3","1","10",NA,NA
"2","3","1","3","5","1","5","1","2",NA,"5"
NA,"1","2","2","5","1",NA,"2",NA,"3",NA
NA,"5",NA,"4","1","2",NA,"1","9","3","3"
"3","7",NA,"7","5","2",NA,"1","13","1","5"
NA,"3",NA,"9","5","2","7","1",NA,"3",NA
"3","3","3","5","5","2","4","1","3","3",NA
NA,"7",NA,"7","5","3","5","1","11","3","1"
"3","6","1","6","5","1","5","1",NA,NA,"3"
NA,"1","2","7","5","1","3","1",NA,"3",NA
"3","4","1","5","5","2",NA,"1","15",NA,NA
NA,"2","2","4","5","1",NA,"1",NA,NA,NA
NA,"5","3","5","5","2",NA,"1",NA,NA,"4"
NA,"4","4","7","5","2","3","1","5",NA,NA
NA,"5",NA,"8","5","4","6","1","9","3",NA
"3","1","2","6","5","2",NA,"1","3",NA,NA
NA,"5",NA,"14","5","1","5","1",NA,"2","2"
NA,"5","2","5","5","2","4","1","13","1","4"
NA,"1",NA,"4","5","3","3","1","7","1",NA
"3","4",NA,"7","5","4","3","1","8",NA,NA
NA,"1",NA,"8","5","3","2","1","7","3",NA
"2","2","1","6","5","2","3","1",NA,"1",NA
"4","6",NA,"9","4","2","5","1",NA,"1","4"
NA,"6",NA,"4","5","4",NA,"1","11","3",NA
NA,"5","3","6","5","2","3","1","8","1",NA
"4","6",NA,"7","5","3","3","1","6",NA,"7"
"3","5",NA,"8","5","3","6","1","7",NA,NA
"2","4","1","6","5","1",NA,"1",NA,"3",NA
"1","2","1","3","5","2",NA,"1","13","1",NA
"3","6",NA,"9","3","2","5","1",NA,NA,"6"
NA,"5",NA,"9","5","2","3","1",NA,NA,NA
"4","4","3","5","4","1","5","1",NA,NA,"6"
NA,"5",NA,"7","5","3","4","1",NA,NA,"4"
"3","1",NA,"5","5","4","3","1","7","2",NA
NA,"4","3","8","5","1","5","1",NA,"3","5"
"2","1","1","3","5","1",NA,"2",NA,"3",NA
NA,"5","1","3","5","2",NA,"1",NA,NA,"3"
NA,"3","2","4","5","1","5","1",NA,"3",NA
"3","4","5","5","5","2",NA,"1","5","3",NA
"3","6","2","8","5","2","6","1",NA,"3",NA
NA,"1","2","6","5","2",NA,"1","3",NA,NA
NA,"4","5","6","5","2",NA,"1",NA,NA,"6"
"3","7",NA,"7","4","3",NA,"1","11",NA,"3"
"4","5",NA,"5","5","3",NA,"1","14","2",NA
"3","5","3","7","5","1","4","1",NA,NA,"4"
"3","6",NA,"5","3","2",NA,"1","11","1","3"
"2","4",NA,"6","5","3","4","2","7","3",NA
NA,"5","1","7","5","1",NA,"1",NA,NA,"6"
NA,"1","2","6","5","1","5","2",NA,"3",NA
"2","6","1","7","5","2",NA,"1",NA,"1","3"
NA,"2",NA,"6","5","2","4","1",NA,"1",NA
"3","3","2","6","5","2",NA,"1","4",NA,NA
"7","6",NA,"8","5","4",NA,"1","11",NA,NA
"7","6","3","7","5","2",NA,"1",NA,NA,"7"
NA,"6","4","7","5","2",NA,"1",NA,"3","7"
NA,"2","1","4","5","1","5","1","4","3",NA
NA,"7","2","6","4","2",NA,"1",NA,NA,"3"
NA,"4","3","6","5","1","3","1",NA,"3","4"
"2","1","1","5","5","1",NA,"1",NA,"3",NA
NA,"1","3","5","5","1",NA,"1",NA,NA,NA
NA,"4",NA,"11","5","2","5","1",NA,"3","13"
NA,"2",NA,"9","5","2","3","1","4",NA,NA
"3","6",NA,"6","3","4",NA,"1","9",NA,"4"
NA,"3","1","5","5","1",NA,"1",NA,"3","6"
"4","5","2","6","5","2",NA,"1",NA,"1","3"
"5","4","1","5","5","1",NA,"1",NA,"3","6"
NA,"5","2","6","5","2",NA,"1","13",NA,NA
NA,"6",NA,"9","5","2","2","1",NA,"1","2"
"2","3","1","6","4","1",NA,"1",NA,NA,NA
NA,"3",NA,"8","5","2",NA,"1","4",NA,NA
NA,"5","3","6","5","2",NA,"1",NA,NA,"6"
"4","1",NA,"5","5","3",NA,"1","8",NA,NA
"4","3","2","7","5","2","6","1",NA,NA,"13"
"2","7",NA,"6","5","3",NA,"1","12","2","5"
NA,"5","2","8","5","2","6","1",NA,NA,"7"
"2","3","7","7","2","1","2","1",NA,"3",NA
"3","5",NA,"10","5","3","6","1","9","3","13"
NA,"6",NA,"7","5","3","3","1",NA,"1","3"
NA,"7","2","9","5","2","3","1",NA,"1","4"
"3","5",NA,"7","5","3",NA,"1","12",NA,"13"
"1","1","2","3","5","1","6","1",NA,NA,NA
"1","7",NA,"10","5","2","3","1",NA,"3","5"
NA,"4",NA,"10","5","2","3","1",NA,"3","8"
NA,"4","2","7","5","2","4","1","12",NA,"3"
NA,"3",NA,"5","5","3","3","1","11","1",NA
NA,"3","3","5","5","2",NA,"1","7","1","2"
NA,"6",NA,"6","1","2","2","1",NA,"3","6"
"4","6","1","6","5","2",NA,"1",NA,"3","6"
"2","5","3","5","5","2","3","1","10","3","3"
NA,"1","2","10","5","2","6","1","3","3",NA
NA,"5","1","2","5","2",NA,"1","13","1","4"
"1","7","1","4","5","2",NA,"1",NA,"1","4"
NA,"3","2","6","5","2",NA,"1","10",NA,NA
"3","7",NA,"9","5","2","3","1",NA,NA,"7"
"4","3","5","4","4","1","2","1",NA,"3","3"
NA,"4","1","3","5","1",NA,"1",NA,"3",NA
NA,"1",NA,"5","5","4","3","1","13",NA,NA
NA,"7",NA,"6","5","4",NA,"1","10",NA,"3"
"2","1","4","3","4","1",NA,"1","1",NA,NA
"2","7","1","6","5","1",NA,"1",NA,NA,"5"
"3","6",NA,"4","5","2",NA,"1",NA,"3","4"
NA,"5","1","4","5","3",NA,"1","10",NA,NA
"4","3",NA,"11","5","3","3","1","7","3",NA
"2","5","2","7","5","1","3","1",NA,"1","2"
NA,"1","2","7","5","1",NA,"1",NA,"3",NA
"2","7","2","7","5","2",NA,"1",NA,NA,"4"
NA,"4",NA,"7","4","2","5","1",NA,"3","7"
"4","3","3","7","5","2",NA,"1","5",NA,NA
NA,"4",NA,"8","5","3",NA,"1","11",NA,NA
NA,"5","1","5","5","2",NA,"1","10",NA,"4"
NA,"7","2","5","5","2",NA,"1",NA,"1","3"
NA,"5",NA,"6","5","4",NA,"1","9",NA,NA
NA,"6",NA,"8","5","2","5","1",NA,NA,"6"
"3","4","2","4","5","2","3","1","10","1",NA
NA,"7","1","5","5","1",NA,"1",NA,NA,"6"
NA,"7","1","11","5","1","3","1",NA,NA,"8"
NA,"4","1","6","5","2","3","2",NA,NA,"4"
"2","7",NA,"8","5","2","3","1",NA,NA,"4"
"5","7","6","7","5","2",NA,"1",NA,"1","3"
"4","3",NA,"9","5","4","3","1","8",NA,NA
"5","1","6","12","5","1","3","1",NA,"3",NA
NA,"2","5","5","5","1","5","1",NA,NA,NA
NA,"1","3","6","5","2","4","1","4","3",NA
NA,"2","5","6","5","2","5","1","7","3",NA
"1","6","4","7","5","2",NA,"1",NA,NA,"7"
NA,"2","2","6","5","2","5","1","7",NA,NA
NA,"3",NA,"7","5","2","6","1","5",NA,NA
"3","7","4","6","4","2",NA,"1",NA,"3","7"
"4","4","2","5","5","1",NA,"1",NA,"3","9"
"4","5",NA,"4","3","3",NA,"1",NA,NA,"4"
"3","6","4","7","5","2",NA,"1",NA,"3","3"
NA,"5","4","4","5","1","3","1",NA,NA,"3"
"3","4","2","5","5","2","5","1",NA,NA,NA
"3","2","2","6","5","2","3","1","7",NA,NA
NA,"1","3","6","5","2",NA,"1","4",NA,NA
NA,"5",NA,"9","5","2","3","1",NA,"1","3"
NA,"2",NA,"6","4","2",NA,"1","4","3",NA
"3","1","1","4","5","2",NA,"1","12","1",NA
"1","7",NA,"9","5","3","3","1",NA,NA,"6"
NA,"5",NA,"10","5","3","6","1","7","3",NA
NA,"5","3","6","5","2","5","1",NA,NA,"5"
"3","5","2","8","5","2","5","1",NA,NA,"4"
NA,"3","2","3","5","2","1","1","5",NA,NA
"3","5",NA,"9","5","3",NA,"1","6","1","2"
"3","4","1","7","5","1","5","1",NA,"3","6"
NA,"4",NA,"7","5","2",NA,"1","10",NA,"4"
"3","6","1","8","5","2","3","1",NA,NA,"3"
"4","5",NA,"9","5","4","6","1","11","2",NA
"1","2","2","5","5","1",NA,"1",NA,"1",NA
NA,"6",NA,"9","5","2","5","1",NA,NA,"7"
NA,"4","1","7","5","2","6","1",NA,NA,"5"
"2","3",NA,"6","4","2","6","1","4","3","11"
NA,"5","2","7","5","2","3","1",NA,NA,"13"
"2","1","1","3","4","1",NA,"1","5","3",NA
NA,"5","4","1","5","2",NA,"1","6","1","3"
NA,"3",NA,"7","5","2","3","1","14",NA,NA
NA,"5",NA,"10","5","2","3","1",NA,"3","5"
"3","3","1","4","5","2","5","1","6",NA,NA
"3","6",NA,"6","5","3",NA,"1","8",NA,"8"
"3","6","2","6","5","2","3","1",NA,"2","4"
"3","5","4","5","5","2",NA,"1","6",NA,"4"
"3","6","2","4","5","2",NA,"1",NA,"2","4"
NA,"3","2","7","5","1","4","1","4","3","6"
"3","4","5","9","5","2","5","1",NA,"3","12"
NA,"5",NA,"9","5","2",NA,"1",NA,NA,"13"
NA,"5",NA,"6","5","2","3","1","8","1","2"
"5","5",NA,"12","5","2","3","1",NA,NA,"3"
"4","6","3","4","4","2",NA,"1",NA,"2","3"
NA,"3","2","6","3","1","3","1",NA,"1","3"
"1","3",NA,"3","5","4","6","1","12","1",NA
"6","4",NA,"16","5","2","5","1",NA,"1","2"
"3","4",NA,"9","5","3","5","1","7",NA,NA
NA,"1","2","6","5","2","3","1","9","3",NA
"2","5","1","4","5","2",NA,"1",NA,"3",NA
"2","5",NA,"5","3","3","3","1","8",NA,"4"
NA,"4",NA,"4","5","3",NA,"1","10",NA,NA
"4","4","5","7","5","2","3","1","4","3","5"
NA,"5",NA,"4","3","2","2","1",NA,"3","12"
NA,"5","1","5","5","2",NA,"1",NA,"3","3"
NA,"7",NA,"3","5","3",NA,"1","8","1","3"
"3","1","6","5","5","2","3","1","11",NA,NA
"4","4",NA,"6","5","2",NA,"1",NA,"2","4"
"5","5",NA,"5","5","3","2","1","10","3",NA
NA,"3",NA,"10","5","2","5","1",NA,NA,"8"
"4","5",NA,"9","5","3","3","1","11","1",NA
NA,"4",NA,"4","2","3","3","1","9","3","4"
"4","3",NA,"12","5","2","5","1","6","1","3"
NA,"4",NA,"5","5","3",NA,"1","13",NA,NA
"2","3","3","8","4","1","6","1",NA,NA,NA
NA,"4","4","7","5","2",NA,"1","7",NA,NA
NA,"6","2","7","5","2","3","1",NA,NA,"5"
"1","3",NA,"2","5","3",NA,"1","12","1",NA
NA,"6","1","2","5","2",NA,"1",NA,"2","13"
"3","1",NA,"4","3","2","3","1","10","3",NA
NA,"7","1","9","5","1","5","1",NA,"1","13"
NA,"6","1","10","5","2",NA,"1",NA,NA,"5"
"2","4",NA,"4","5","4","3","1","11","1",NA
"3","6","2","5","5","2",NA,"1","13","2","4"
NA,"4","2","4","5","2",NA,"1","9","3",NA
"3","2","2","4","5","2","5","1","8","3",NA
"3","5","4","5","5","2",NA,"1","6","3","4"
"3","5","3","6","5","2",NA,"1","7",NA,"5"
"4","5","5","10","5","2","6","1","7",NA,"8"
"3","4",NA,"5","4","3",NA,"1","12",NA,NA
"4","7","2","7","5","2",NA,"1",NA,NA,"4"
NA,"3",NA,"5","5","3","5","1","5",NA,NA
NA,"3",NA,"9","5","3","6","1","6","3",NA
NA,"6","1","5","5","2",NA,"1",NA,"3","5"
"6","4",NA,"5","5","4",NA,"1","8","3",NA
"3","1","2","5","5","1",NA,"1",NA,NA,NA
NA,"3",NA,"6","5","3","6","1","9",NA,NA
NA,"2","2","6","4","1","6","1","3",NA,NA
"3","2","4","6","5","2","6","1","6","2",NA
"3","3",NA,"7","5","3","3","1","8","3",NA
NA,"4",NA,"5","5","3","4","1","4","3",NA
NA,"6","1","10","5","1","5","1",NA,NA,"5"
"2","5","1","5","5","1",NA,"1",NA,"1","3"
NA,"4",NA,"4","5","3","5","1","11",NA,"5"
NA,"1","1","3","5","1","5","1",NA,"3",NA
"2","1","1","2","4","2","3","1","10","3",NA
"2","7","1","5","5","2",NA,"1","15","1","4"
NA,"5","2","6","5","2",NA,"1",NA,NA,NA
NA,"5","1","5","5","2",NA,"1",NA,NA,"4"
"2","5","1","6","5","2","3","1","10","1","3"
"2","2",NA,"2","4","2",NA,"2","4",NA,NA
"3","4",NA,"6","5","3",NA,"1","11",NA,"3"
"4","5",NA,"9","5","2",NA,"1",NA,"3",NA
"2","7","4","6","5","2",NA,"1",NA,NA,"3"
"3","4","2","6","5","3","3","1","14",NA,NA
"2","3","1","8","5","2",NA,"1",NA,"1",NA
NA,"1","1","1","5","1",NA,"1","3","3",NA
NA,"4","2","7","5","2","6","1",NA,"1",NA
NA,"3",NA,"8","5","3","3","1","11","1",NA
"1","2","2","5","5","2","3","1","8",NA,NA
"4","7","3","5","5","2","3","1",NA,"3","7"
NA,"6","2","5","5","2","3","1",NA,"1","4"
"3","5",NA,"9","5","2","5","1",NA,NA,"7"
"3","5","2","7","5","2","3","1","12",NA,"5"
NA,"7","1","3","5","2","6","1",NA,"1","5"
NA,"7","1","5","5","1",NA,"1",NA,NA,"4"
NA,"4",NA,"10","4","2","6","1","6",NA,"7"
"3","3",NA,"6","5","3","5","1","6",NA,NA
NA,"3","2","4","5","2",NA,"1","11","1",NA
NA,"3","3","4","4","2",NA,"1",NA,NA,"6"
"2","7","2","6","5","2",NA,"1",NA,"1","3"
"3","5","3","7","5","2","5","1",NA,"3",NA
NA,"3","1","1","5","1",NA,"1",NA,NA,"3"
"4","7",NA,"7","5","2","4","1",NA,"1","4"
"3","7","2","6","5","2",NA,"1",NA,NA,"7"
NA,"3","1","4","5","1","5","1",NA,"3",NA
NA,"5","1","5","5","2","5","1",NA,NA,"5"
NA,"7",NA,"11","5","2","4","1",NA,"3","5"
"2","4","1","6","5","2",NA,"1",NA,NA,NA
"3","5",NA,"7","4","2","5","1",NA,NA,"3"
NA,"3","1","3","5","1","3","1",NA,"1","3"
NA,"1","3","7","5","2","3","1",NA,"3",NA
NA,"6",NA,"6","5","3","3","1","11",NA,"2"
NA,"4",NA,"14","5","3","6","1","11",NA,NA
NA,"4","2","6","5","1",NA,"1",NA,NA,NA
"3","3","3","4","2","1","3","1",NA,NA,"4"
"3","3","2","4","5","2",NA,"1","7","3",NA
"2","7","1","5","3","1",NA,"1",NA,NA,"4"
"4","6",NA,"8","5","2","3","1",NA,"3","3"
"3","5",NA,"8","5","3","3","1","11","3","3"
NA,"1",NA,"8","5","2","5","1","2","3",NA
NA,"5",NA,"14","5","2","6","1",NA,"3","6"
"3","6",NA,"6","5","3","3","1","11","3","5"
"3","5",NA,"10","4","2",NA,"1",NA,NA,NA
"3","6",NA,"8","5","2",NA,"1",NA,NA,"3"
"2","3","4","6","5","1","3","1",NA,"3",NA
NA,"7","1","5","5","2",NA,"1","13",NA,"3"
NA,"7",NA,"8","3","2","2","1",NA,NA,"4"
"4","5",NA,"8","5","3","3","1","12","2","4"
"2","1",NA,"5","5","3",NA,"1","11","3",NA
NA,"3","3","4","4","1",NA,"1",NA,"3","5"
"1","7",NA,"9","5","3","4","1",NA,NA,"3"
"2","5","1","8","5","1","5","1",NA,NA,"7"
"4","5",NA,"10","5","4","3","1","8",NA,NA
"2","1","1","5","4","2","7","1","8","3",NA
"3","4","4","8","5","2","5","1",NA,"3","13"
NA,"3",NA,"5","5","3","3","1","11",NA,NA
"2","4","1","4","5","2",NA,"1",NA,"3","3"
"2","3","1","4","5","2",NA,"1","11","1",NA
"3","3","2","9","5","2","7","1",NA,"3",NA
NA,"6","3","8","5","2",NA,"1",NA,NA,"4"
NA,"1","1","4","5","1",NA,"1",NA,NA,NA
"2","5","1","7","5","1","4","1",NA,"1","4"
NA,"7","1","6","5","2",NA,"1",NA,NA,"5"
NA,"4","3","6","5","1",NA,"1","7","3","5"
NA,"5","1","4","5","1","3","1",NA,"1","3"
NA,"1","2","6","5","2","4","1","8",NA,NA
"5","7","4","8","5","2",NA,"1",NA,NA,"7"
NA,"1",NA,"8","5","2","3","1","6","3",NA
"2","3","1","6","5","1","5","1",NA,"3",NA
"3","4","1","4","4","2",NA,"1",NA,NA,"8"
"4","4","3","7","5","2",NA,"1",NA,NA,NA
"2","7",NA,"8","5","3",NA,"1","9",NA,"3"
"2","5","2","5","5","1","6","1",NA,NA,"4"
NA,"4",NA,"9","5","2","5","1","10",NA,"7"
NA,"3","2","4","5","1",NA,"1",NA,"3",NA
"1","4","1","4","5","2","2","1","10",NA,NA
"3","6","2","8","5","2","6","1","9","3","3"
"3","3","2","5","5","2",NA,"1","7",NA,NA
"4","3",NA,"9","5","3","3","1","7",NA,NA
"3","7","2","4","5","2",NA,"1","11",NA,"5"
"3","2",NA,"6","5","3","3","1","4","3",NA
"2","4","1","1","4","1",NA,"1","3","3","4"
NA,"5","2","6","5","2","4","1",NA,NA,"5"
NA,"3","1","4","5","2","3","1","9",NA,NA
NA,"1","2","4","5","1","3","1",NA,"3",NA
"3","5",NA,"11","5","3","3","1",NA,"3",NA
"2","7",NA,"7","5","2","3","1",NA,NA,"3"
NA,"4",NA,"4","2","2",NA,"1",NA,NA,"2"
NA,"4",NA,"4","3","2",NA,"1",NA,NA,"4"
NA,"3",NA,"7","3","2","2","1","7","3","6"
"4","1","3","7","5","2","3","1","8",NA,NA
NA,"4",NA,"5","2","2",NA,"1","7",NA,"4"
NA,"6",NA,"10","4","2","3","1",NA,"3","4"
"2","1","1","3","5","1","3","1",NA,NA,NA
NA,"6","2","6","5","2",NA,"1",NA,NA,"5"
NA,"7",NA,"10","5","2","4","1",NA,NA,"4"
"2","2",NA,"3","3","2","5","1","8",NA,NA
NA,"5","1","4","5","2",NA,"2",NA,"1","3"
"2","4","3","6","5","2",NA,"1","6","3","8"
NA,"4","2","3","4","2",NA,"1","7",NA,NA
NA,"3","5","6","5","2",NA,"1",NA,NA,NA
"2","5","1","6","5","1","5","1",NA,NA,"6"
"2","4",NA,"4","2","2",NA,"1","10",NA,"3"
NA,"6","2","4","5","2",NA,"1",NA,NA,"5"
NA,"2",NA,"10","5","3","5","1","5","3",NA
NA,"1","2","6","5","1","3","1",NA,NA,NA
"2","3","2","9","5","1","3","1",NA,"3",NA
"3","5",NA,"7","5","3","3","1","6",NA,"5"
"5","5",NA,"8","5","2","3","1",NA,"3","5"
NA,"1","1","4","5","1",NA,"1",NA,"3",NA
NA,"3",NA,"7","5","2","3","1","10","3","7"
"4","5",NA,"7","5","3","3","1","9",NA,NA
NA,"7","1","6","5","2",NA,"1",NA,NA,"4"
NA,"1",NA,"4","5","3","3","1","6","3",NA
NA,"4",NA,"5","5","3","5","1","10","3",NA
NA,"3",NA,"5","4","2",NA,"1","6","3",NA
"4","7","2","7","5","2","3","1",NA,NA,"7"
"3","3","2","4","5","3",NA,"1","10",NA,NA
NA,"6","3","8","5","2","6","1",NA,"3","5"
"3","5","5","7","5","1",NA,"1",NA,"3","5"
NA,"1","2","5","5","2","3","1","5","3",NA
"2","1","2","4","5","2",NA,"1","5",NA,NA
NA,"3","2","6","5","2","4","1","6","3",NA
NA,"3",NA,"6","5","3","3","1","8","3",NA
"3","2","2","3","5","1",NA,"1","3","3",NA
"3","6",NA,"4","4","2",NA,"1",NA,NA,"7"
"4","5","5","7","5","2","4","1",NA,"3",NA
"3","4","5","5","4","2","3","1",NA,NA,"4"
"4","2","2","7","5","2","3","1","7","3",NA
"2","3","2","4","5","1",NA,"1",NA,"3","6"
NA,"3","4","8","5","2","5","1","4","3",NA
"2","6",NA,"6","5","4","3","1","10","1","3"
"2","7",NA,"11","5","3","6","2",NA,NA,"4"
NA,"4",NA,"5","5","3",NA,"1","10","3","6"
"2","5",NA,"5","4","2",NA,"1",NA,"3","6"
"2","7",NA,"9","5","2","3","1",NA,"1","4"
NA,"4",NA,"6","4","2","5","1","7","3","6"
"2","7",NA,"9","5","2","3","1",NA,"1","3"
NA,"3",NA,"8","5","3","3","1","13","1",NA
NA,"4","2","7","5","1","3","1",NA,"3","4"
"3","7",NA,"9","5","2",NA,"1",NA,"3","4"
"4","5","2","8","5","2",NA,"1",NA,"3",NA
"3","5",NA,"9","5","3","3","1","10",NA,NA
"3","6","2","8","5","2","3","1",NA,"3","7"
"3","4","2","5","5","2",NA,"1","5","3","7"
NA,"4","2","6","5","2",NA,"1",NA,NA,"4"
"3","1",NA,"10","5","2","6","1",NA,"3",NA
NA,"3",NA,"11","5","2","6","1","8",NA,NA
"1","6","2","4","5","2",NA,"1",NA,"1","3"
NA,"4","1","2","5","2",NA,"1","10",NA,"6"
NA,"7",NA,"7","5","2","3","1",NA,NA,"3"
NA,"4",NA,"12","5","3","6","1","10",NA,NA
NA,"4","2","5","5","2",NA,"1","8","1","2"
"2","7","1","7","5","2","6","1",NA,"3","4"
"3","3",NA,"10","5","2","3","1",NA,"3",NA
NA,"1",NA,"8","5","2","5","1","11","3",NA
"2","1","1","6","5","1","4","1",NA,NA,NA
"2","4","1","4","5","2","3","1","9","1","3"
NA,"5",NA,"8","5","2","3","1","9","3","3"
NA,"5","4","8","5","2","5","1",NA,"3","8"
"3","6",NA,"6","5","4","3","1","11","1","3"
"4","5",NA,"4","5","3",NA,"1","10","2","3"
"2","4",NA,"4","5","3",NA,"1","10",NA,NA
NA,"4",NA,"6","5","2",NA,"1","13","1",NA
NA,"6",NA,"9","5","2","5","1",NA,"3","4"
"2","2","1","5","5","2","3","1","16","1",NA
NA,"4","3","4","5","2","4","1",NA,NA,"4"
"2","1",NA,"9","5","2","3","1","8",NA,NA
NA,"4","1","1","5","2",NA,"1",NA,"1","3"
"3","3",NA,"8","5","2","5","1","12",NA,NA
"3","3","3","6","5","2",NA,"1","5",NA,NA
"3","7","2","5","5","3",NA,"1",NA,"1","4"
NA,"1","2","3","5","2",NA,"1","11","1",NA
"3","7",NA,"6","5","3","3","1","11","3","3"
NA,"3","5","7","5","2","4","1",NA,NA,NA
"3","6","2","8","5","2",NA,"1",NA,"3","7"
"4","6",NA,"4","3","2","3","1",NA,NA,"6"
"3","3",NA,"7","5","3","3","1","5",NA,NA
NA,"6","2","7","5","2","3","1","8",NA,NA
"2","1","1","5","5","2","4","1","7","3",NA
NA,"4","4","9","4","2","4","1",NA,"3","3"
"2","4","3","4","5","2",NA,"1","6","3","6"
"4","3",NA,"12","5","3","5","1","10",NA,NA
"3","5",NA,"6","5","3","3","1","9","3",NA
NA,"5","4","5","5","2",NA,"1","5","3","5"
"2","3",NA,"10","5","2","5","1",NA,"1",NA
"3","5",NA,"8","5","2",NA,"1","8","3","10"
NA,"7","1","6","5","2","3","1",NA,"1","3"
NA,"4","1","5","5","1",NA,"1",NA,"3",NA
"3","5",NA,"11","5","3","3","1","12","3","7"
"2","5","1","6","5","2","3","1",NA,"1","3"
NA,"5",NA,"7","5","3","3","1","6",NA,NA
"4","4",NA,"7","4","2","5","1",NA,"3",NA
NA,"5",NA,"8","5","3","3","1","13",NA,NA
"3","6","2","3","5","2",NA,"1","10","3","8"
"3","3",NA,"10","3","2","2","1",NA,"3","5"
NA,"7",NA,"8","5","3","4","1","13",NA,"6"
NA,"7",NA,"8","3","2","3","1","9",NA,"4"
"1","1","1","1","5","2",NA,"1","15","1",NA
"5","6","3","6","5","2","3","1",NA,"3","4"
"3","7",NA,"7","5","2",NA,"1",NA,"2","5"
"2","5",NA,"5","5","4","3","1","10","3",NA
NA,"1","5","5","4","2","6","1","6","3",NA
"4","1","3","5","4","2","3","1","4","3",NA
NA,"4","1","4","5","1",NA,"1",NA,NA,"10"
"3","3","3","6","5","1","3","1",NA,NA,NA
"2","3","1","3","5","1",NA,"1",NA,NA,NA
"5","4",NA,"6","5","3","3","1","8",NA,NA
"4","3",NA,"10","5","2","7","1","10","3",NA
"3","1","2","5","5","2","3","1","11","1",NA
"2","2",NA,"5","5","3","3","1","9","3",NA
"3","1",NA,"17","5","2","5","1",NA,"3",NA
NA,"1","1","1","5","1",NA,"1",NA,"3",NA
NA,"1","2","2","5","2",NA,"1","3","3",NA
"4","5",NA,"8","5","3","3","1","11","3","3"
NA,"6",NA,"10","5","2",NA,"1",NA,"3","4"
"2","7",NA,"10","5","2","3","1",NA,"3","6"
NA,"2","1","3","3","1",NA,"1",NA,NA,NA
NA,"7","2","5","5","2",NA,"1",NA,NA,"4"
"3","6",NA,"6","5","3",NA,"1","10","2","2"
"4","7",NA,"10","5","4","5","1","13","3","4"
NA,"7","1","5","5","1",NA,"1",NA,NA,"3"
"3","7","2","7","5","2",NA,"1",NA,"2","4"
"3","4","6","7","5","2","5","1",NA,NA,"7"
NA,"5",NA,"6","5","3","5","1","10","3",NA
NA,"5",NA,"5","5","4",NA,"1","12",NA,NA
NA,"4",NA,"8","4","2","3","1",NA,NA,"2"
NA,"4",NA,"5","2","2","3","1","7",NA,"4"
"4","1","2","10","5","1","5","1",NA,"3",NA
"2","4","5","5","5","1","2","1","4","3","3"
"2","1","2","5","4","1",NA,"1","5","3",NA
"4","5",NA,"8","5","3",NA,"2","5","3","5"
"3","7",NA,"9","5","2","1","1",NA,"1","3"
NA,"3","1","6","5","1","3","1",NA,NA,NA
"3","4","2","6","5","2",NA,"1",NA,"1","6"
NA,"4","1","6","5","1",NA,"1",NA,NA,"12"
NA,"3","1","3","5","1",NA,"1",NA,"3","4"
NA,"4","2","2","3","2","3","1",NA,"3","7"
"5","1","3","1","3","2","3","1","6","3",NA
NA,"3",NA,"11","4","2","5","1",NA,"3",NA
NA,"4","4","7","5","2","6","1","7","3",NA
"1","3","1","5","5","1","5","1",NA,"3","5"
NA,"3","3","4","5","2","6","1",NA,NA,NA
"1","2","1","3","5","1",NA,"2",NA,NA,NA
NA,"6","1","4","4","2",NA,"1",NA,NA,"5"
"3","5","2","6","5","2",NA,"1",NA,"3","4"
"2","5",NA,"4","5","4","3","1","10",NA,NA
"5","6","3","6","5","2",NA,"1","7",NA,"6"
"3","6",NA,"8","5","3","3","1","13","1","3"
"3","4","4","7","4","2","6","1","6","3","9"
"2","1","2","4","5","1",NA,"2",NA,"3",NA
NA,"4","2","4","5","2",NA,"1",NA,NA,"3"
"3","3","2","6","5","2",NA,"1","7",NA,NA
NA,"5","2","4","5","2","6","1",NA,NA,"9"
NA,"7",NA,"11","5","2","5","1",NA,NA,"5"
NA,"1","2","5","5","1","4","1","4","3",NA
NA,"7",NA,"6","5","2",NA,"1",NA,NA,"5"
"3","5","2","4","5","2",NA,"1",NA,NA,"3"
"3","1","5","5","5","2","3","1","4",NA,NA
"6","6",NA,"9","5","2","5","1",NA,"2","5"
"3","5",NA,"7","5","3","4","1","11","3","6"
NA,"7","2","6","5","2",NA,"1",NA,"1","3"
"3","4","4","3","3","2","2","1",NA,"3","3"
"4","7",NA,"9","5","2","4","1",NA,"3","5"
NA,"7","2","5","5","2","3","1",NA,NA,"3"
"2","7",NA,"8","5","1","3","1",NA,"3","5"
NA,"5","2","5","5","2",NA,"1","8","1","2"
NA,"5","1","4","5","1","3","1",NA,NA,"3"
NA,"5","4","5","5","2",NA,"1",NA,"2","3"
NA,"7",NA,"14","4","2","6","1",NA,"1","6"
"3","2","5","6","5","2","3","1","4",NA,NA
NA,"6","3","6","5","2",NA,"1",NA,"3","5"
NA,"6","2","10","5","1",NA,"1",NA,NA,"5"
"6","5",NA,"10","2","2","2","1","11","3","4"
NA,"5",NA,"5","5","3",NA,"1","8",NA,"7"
"1","1",NA,"4","3","3","3","1","3","3",NA
NA,"2",NA,"3","5","3",NA,"1","4",NA,NA
"3","7","2","7","5","2",NA,"1",NA,"3","6"
NA,"2","2","6","5","1","2","1",NA,"1",NA
"3","6","2","8","5","2",NA,"1",NA,NA,"13"
"3","7","2","5","4","2",NA,"1","11",NA,"8"
"2","7",NA,"5","5","2",NA,"1",NA,NA,"4"
"3","7","2","8","5","2","5","1",NA,"2","2"
"3","5",NA,"7","5","2",NA,"1",NA,"3","8"
"6","3",NA,"7","5","3","3","1","7",NA,NA
NA,"5","5","6","5","2","5","1",NA,"3","5"
"3","1","2","4","5","1",NA,"1","3","3",NA
"2","4",NA,"6","5","3","2","1","9","3","5"
"2","3","3","4","5","2","5","1","7",NA,NA
NA,"7",NA,"7","5","2",NA,"1",NA,NA,"3"
"3","5",NA,"7","5","3","4","1","8",NA,NA
"2","2","1","4","5","2","3","1","7",NA,NA
"2","7",NA,"9","5","2","3","1",NA,"1","6"
NA,"1","2","8","5","2","5","1","10","3",NA
NA,"5",NA,"10","5","3","3","1","8","3",NA
"2","5","2","5","5","1",NA,"1",NA,NA,"5"
"3","1","5","3","3","2","3","1","5","3",NA
"3","6",NA,"6","5","2",NA,"1","9",NA,"5"
"4","5",NA,"9","4","3",NA,"1","7","3","5"
"2","4","2","3","5","2",NA,"1","10",NA,"4"
NA,"1",NA,"9","3","2","6","1","5",NA,NA
"3","7","2","5","5","2",NA,"1",NA,"1","4"
"3","6",NA,"10","4","4","5","1","8","3","7"
"2","1","1","1","4","2",NA,"1","6","3",NA
"2","4","2","4","5","2","6","1","7","3",NA
NA,"5",NA,"5","5","3",NA,"1","7",NA,"5"
"3","4","2","5","5","2","6","1",NA,"3","13"
NA,"5",NA,"4","4","2",NA,"2",NA,"3","9"
"3","4","7","6","5","2","2","2","3",NA,NA
"2","2","1","4","5","1",NA,"1",NA,NA,NA
NA,"5",NA,"10","5","2","6","1",NA,NA,"7"
"2","6","2","4","5","2",NA,"1",NA,"3",NA
NA,"3",NA,"4","5","3","4","1","7",NA,NA
NA,"7","2","6","5","2",NA,"1",NA,"3","5"
"4","5",NA,"6","5","3","2","1","8",NA,"3"
NA,"5","3","4","5","1",NA,"1",NA,"2","2"
NA,"3","1","4","5","1",NA,"1",NA,NA,"9"
NA,"7",NA,"8","5","2","2","1",NA,NA,"2"
NA,"6","2","4","5","2",NA,"1",NA,"1","4"
NA,"4","2","5","5","2",NA,"1",NA,"3",NA
"4","5","2","6","5","2","3","1",NA,NA,NA
"5","6",NA,"11","5","2",NA,"1","7",NA,"5"
"3","3",NA,"4","4","2","2","1","3",NA,NA
"3","5",NA,"10","5","4","3","1","12","3",NA
"2","5","2","4","5","2",NA,"1","12","2","4"
NA,"1","4","9","5","2","6","1","10",NA,NA
"2","1","2","2","5","2",NA,"1","2",NA,NA
NA,"3","1","5","5","1",NA,"1",NA,NA,"3"
NA,"3","2","5","5","2","3","1","4",NA,NA
NA,"6",NA,"9","5","2",NA,"1",NA,"3","10"
"3","7",NA,"7","5","3",NA,"1",NA,"1","4"
"3","3",NA,"10","5","2","4","1","4",NA,NA
"4","5","3","6","5","2","5","1","5",NA,"6"
NA,"1","2","5","5","1","4","1",NA,"2",NA
NA,"1",NA,"11","5","2","3","1","5","3",NA
NA,"4",NA,"8","4","2","5","1","6","3","10"
"3","5","1","7","5","2",NA,"1",NA,"2","4"
NA,"4","4","8","5","2","5","2",NA,"3","3"
NA,"3","4","6","3","2","3","1","9","3","6"
"3","7","2","6","5","2",NA,"1",NA,NA,"4"
"2","6",NA,"6","5","3",NA,"1","12",NA,"3"
NA,"3","1","5","5","1","2","1",NA,"3","4"
"2","7",NA,"6","5","2",NA,"1",NA,"1","4"
"2","5","1","4","5","2",NA,"1",NA,NA,NA
NA,"5","2","7","4","2","5","1","7",NA,"4"
NA,"4",NA,"6","5","4",NA,"1","10","3",NA
"3","2","2","2","5","1",NA,"1","7",NA,NA
NA,"2",NA,"10","5","2","6","1",NA,NA,NA
"3","5","4","7","5","2","6","1","6","3",NA
"3","4","2","5","5","2",NA,"1",NA,"3",NA
"3","1",NA,"10","5","2","5","1","9","3",NA
"4","5",NA,"8","5","3",NA,"1",NA,"3","3"
"3","3",NA,"6","5","2",NA,"1","4","3","5"
"3","2",NA,"4","3","2",NA,"1","7","3",NA
"1","6","1","4","4","2",NA,"1",NA,"1","5"
"4","5","3","6","5","2",NA,"1","8",NA,"4"
"4","1",NA,"6","5","3","6","1","9",NA,NA
"3","1",NA,"10","5","3","5","1","7","3",NA
"3","5","2","6","5","1",NA,"1",NA,NA,"4"
NA,"6","4","8","5","2",NA,"1",NA,NA,"5"
"1","1","1","4","5","1","3","1",NA,"3",NA
"2","7","1","4","5","1",NA,"1",NA,NA,"6"
"3","6",NA,"9","5","2","6","1",NA,NA,"4"
"3","4","2","6","5","1",NA,"1",NA,"3","4"
NA,"2","3","5","4","2","6","1","6",NA,NA
"3","4","2","5","5","1",NA,"1",NA,"3","4"
"3","5","3","6","5","2","3","1",NA,NA,"6"
"2","1","2","7","5","2","3","1","10",NA,NA
NA,"1","1","7","5","2","3","1","8","3",NA
NA,"4","3","6","5","2",NA,"1","5",NA,NA
"3","5","2","3","3","2",NA,"1","10",NA,"3"
NA,"4","7","6","5","2",NA,"1","5",NA,"3"
NA,"7","4","8","5","2",NA,"1",NA,NA,"6"
"2","7","1","8","5","1",NA,"1",NA,NA,"8"
"4","3","4","7","5","2","3","1",NA,NA,NA
NA,"5","5","12","5","1","7","1",NA,NA,"13"
"4","3",NA,"9","5","2",NA,"1",NA,NA,NA
NA,"6","1","6","5","1",NA,"1",NA,"1","3"
"2","5","3","6","5","2","3","1","8","3",NA
NA,"5",NA,"9","5","2","4","1",NA,NA,"4"
"2","3",NA,"5","5","3","2","1","10","3",NA
NA,"7",NA,"6","5","3","2","1",NA,"3","5"
NA,"6","2","6","5","2",NA,"1",NA,NA,"5"
"4","5","2","5","5","2",NA,"1",NA,NA,"3"
"3","3",NA,"8","5","2","5","1","3",NA,"9"
NA,"4",NA,"5","4","2",NA,"1","5",NA,"5"
"2","4","2","6","5","2",NA,"1","10","3","4"
"2","5",NA,"8","5","3","2","1","8","3","4"
"2","4","1","1","5","1",NA,"1","7","3","3"
"1","4","2","6","5","2","3","1","8","1",NA
"2","1","1","3","5","2","3","1","10",NA,NA
"6","4",NA,"8","5","3","5","2","9",NA,NA
"3","6",NA,"10","5","2",NA,"1",NA,NA,"4"
"3","4",NA,"7","5","3","3","2","4",NA,NA
"2","6","1","3","5","1",NA,"1",NA,"3","3"
NA,"5","2","6","5","1","3","1",NA,"3","3"
NA,"2","1","5","5","2",NA,"1","12",NA,NA
"4","5",NA,"10","5","2","6","1",NA,"3","13"
NA,"6","2","6","5","2",NA,"1",NA,"1","4"
"2","7",NA,"7","5","2","2","1",NA,NA,"7"
NA,"4","1","3","5","2",NA,"1","4","3","4"
"1","3",NA,"14","2","4","2","1","12","2","3"
"3","1",NA,"4","5","3","6","1","12","1",NA
"3","6","2","5","5","2",NA,"1","7","3","6"
NA,"1","3","3","5","2","4","1","2","3",NA
NA,"6",NA,"8","5","2","3","1",NA,NA,"3"
NA,"6",NA,"5","2","2","1","1",NA,"3","4"
NA,"5","2","6","5","2","4","1","9",NA,"2"
"2","3","2","8","5","1","4","1",NA,"3","4"
"2","4","2","4","5","2",NA,"1","3","3",NA
"3","6",NA,"10","3","2",NA,"1",NA,"2","2"
"3","7","2","6","5","1",NA,"1",NA,"3","10"
NA,"5","3","6","5","2",NA,"1","9","1","3"
"4","7",NA,"9","5","3","3","1",NA,"3","3"
"2","6","1","5","5","2",NA,"1","10",NA,"9"
"2","3","3","6","5","2","3","1","4",NA,NA
"3","3","4","6","4","2","3","1","8",NA,NA
NA,"5","1","6","5","2","3","1","15","1","2"
"3","7","2","5","5","2",NA,"1",NA,"1","7"
"2","1","2","4","3","1","6","1",NA,"3",NA
"1","2","1","1","5","1",NA,"1","4","3",NA
"4","4","2","8","5","2","3","1",NA,"1","6"
"2","7","1","6","5","2",NA,"1",NA,NA,"4"
"3","3",NA,"6","3","3","3","1","6","3",NA
NA,"7",NA,"5","5","3",NA,"1","12","1","3"
"4","7","1","4","5","2",NA,"1",NA,NA,"3"
NA,"4",NA,"4","5","3",NA,"1","8",NA,NA
NA,"1","2","8","5","1",NA,"1",NA,"3",NA
"3","7","2","7","5","2",NA,"1",NA,NA,"4"
"1","1","1","2","5","1","5","1","3",NA,NA
"2","5",NA,"8","5","2",NA,"1",NA,NA,"3"
"2","4","2","8","5","2","5","1","9","3","4"
"1","1","3","4","3","1","3","1","3",NA,NA
NA,"2","3","5","5","2",NA,"1","6",NA,NA
"4","6",NA,"7","5","3","3","1","8","3","5"
"2","4",NA,"5","5","3",NA,"1","7","3",NA
"5","5",NA,"12","5","2","6","1",NA,"3",NA
NA,"4",NA,"7","5","3",NA,"1","11","2",NA
NA,"3",NA,"9","2","1","2","1",NA,"1","6"
NA,"7",NA,"12","5","3",NA,"1",NA,"3","3"
"2","3","1","3","5","1",NA,"1",NA,"3",NA
"2","5",NA,"10","5","2",NA,"1",NA,NA,"5"
NA,"4",NA,"6","3","2",NA,"1","12",NA,NA
"3","4","3","10","5","2","3","1",NA,NA,NA
"3","1","2","6","5","2","7","1","4",NA,NA
"4","7","2","5","5","2",NA,"1",NA,NA,"6"
NA,"5","6","6","5","2","6","1","8","3",NA
NA,"4","2","4","5","1",NA,"1",NA,"3","3"
NA,"5",NA,"10","5","3","6","1","10","2",NA
NA,"3","4","3","4","2","2","1","7",NA,NA
"4","5","2","4","5","3",NA,"1","10","3",NA
NA,"4",NA,"7","5","3","6","1","5",NA,NA
"5","5",NA,"7","2","2","2","1",NA,NA,"2"
"2","5","1","3","5","1","5","1",NA,NA,"4"
NA,"7",NA,"10","5","3","3","1",NA,NA,"3"
NA,"6",NA,"7","5","2",NA,"1",NA,"1","5"
NA,"6","6","7","3","1","2","1",NA,"3","3"
NA,"7",NA,"8","5","3",NA,"1","10",NA,"4"
"2","7","1","6","5","2",NA,"1",NA,NA,"4"
"3","2","2","4","4","2",NA,"1","5","3",NA
NA,"6","1","5","5","2",NA,"1",NA,NA,"5"
NA,"1","3","4","5","2","3","1","8","3",NA
"4","5",NA,"6","2","2","1","1",NA,"3","4"
"2","5",NA,"10","5","2","3","1","12",NA,"4"
NA,"4","2","6","5","1",NA,"1",NA,NA,"3"
"3","1",NA,"5","4","2","3","1","3","3",NA
"3","6","2","4","5","2",NA,"1","12","3","3"
"3","7","2","6","5","2",NA,"1",NA,NA,"4"
NA,"5",NA,"6","5","2",NA,"1","10",NA,"4"
NA,"4",NA,"9","5","2","6","1","11","3","7"
"2","4","5","6","5","1",NA,"1",NA,NA,"10"
"2","1","2","5","5","2","3","1","3","3",NA
NA,"5","2","6","5","2","5","1",NA,"1","3"
NA,"2","1","1","5","1",NA,"1","11","3",NA
NA,"7","1","7","4","1","4","1",NA,NA,"5"
"3","3","3","5","5","2","7","1","3","3",NA
"3","6",NA,"7","5","2","3","1",NA,NA,"4"
"3","4",NA,"6","5","3",NA,"1","6","3",NA
NA,"3",NA,"6","4","2",NA,"1","6","3",NA
NA,"7",NA,"4","5","3",NA,"1",NA,NA,"3"
"4","5",NA,"6","5","4",NA,"1","13",NA,NA
"3","3","2","5","5","2",NA,"1","2","3","5"
"3","3","2","6","5","2",NA,"1","12",NA,"5"
NA,"5",NA,"10","5","2","5","1",NA,NA,"5"
"3","4","4","9","5","2","5","1",NA,"3","6"
"2","2","4","4","4","2",NA,"1","4",NA,NA
"2","1",NA,"3","3","2",NA,"1","5",NA,NA
"4","4",NA,"8","5","2","5","1","12",NA,NA
NA,"3","2","5","5","2","5","1","4","3",NA
"3","5","2","5","5","1","6","1",NA,NA,"5"
NA,"4","2","5","5","2",NA,"1",NA,"3","5"
NA,"3","3","8","5","2","3","1",NA,NA,NA
"4","7","2","7","5","1",NA,"1",NA,"3","4"
"2","3",NA,"6","5","4",NA,"1","9","2",NA
NA,"5",NA,"8","5","2",NA,"1",NA,NA,"8"
NA,"6","4","8","5","2","3","1",NA,"3","6"
NA,"2","1","3","5","1","7","1",NA,"3","5"
NA,"3","1","5","5","1",NA,"1",NA,NA,"3"
"4","5","2","6","5","2","6","1",NA,"3","11"
NA,"3",NA,"10","5","2","7","1","10",NA,NA
"3","4","2","8","5","1",NA,"1",NA,"3","5"
"3","3",NA,"5","5","4",NA,"1","13","1",NA
NA,"3",NA,"7","4","2",NA,"1","12",NA,"6"
"5","4",NA,"9","5","2","5","1","7",NA,"3"
"1","1","1","1","5","1",NA,"1",NA,"3",NA
"3","7","1","4","5","3",NA,"1",NA,NA,"4"
NA,"5",NA,"7","5","2","6","1",NA,"3","6"
NA,"7","1","7","4","2","3","1",NA,"1","3"
NA,"4",NA,"13","5","2","5","1","5",NA,NA
"3","7",NA,"10","5","2",NA,"1",NA,NA,"7"
NA,"7","1","6","5","2",NA,"1",NA,"1","4"
"3","3","4","5","2","1","1","1",NA,"3","4"
"2","6","1","4","5","2",NA,"1","12","1","3"
NA,"1","1","2","5","1","3","1","2","3",NA
NA,"1",NA,"5","5","3",NA,"1","13","1",NA
"3","7",NA,"3","5","4","4","1","10",NA,"5"
"2","7",NA,"4","5","3",NA,"1","15","1","5"
"1","4","5","5","5","1",NA,"1",NA,"1","3"
"3","6","3","7","5","2",NA,"1",NA,NA,"5"
NA,"3","2","3","5","2",NA,"1",NA,NA,NA
"2","3","2","4","5","2",NA,"1","10","3",NA
"4","5",NA,"6","4","2","2","1",NA,"3","5"
"3","5","2","3","5","2",NA,"1",NA,NA,"3"
"2","5","1","9","5","2","6","1","12","3","7"
"3","4",NA,"6","5","3",NA,"1","9","3",NA
"3","1",NA,"4","5","3","3","1","9","1",NA
NA,"5",NA,"5","4","3","3","1","8",NA,"5"
NA,"5",NA,"10","5","2",NA,"1",NA,NA,"5"
"2","3",NA,"4","3","2","3","1","9","3","3"
NA,"1","2","3","5","1","5","1","2",NA,"7"
NA,"3","1","7","5","1","6","1",NA,"3","13"
"2","7","1","6","5","1","3","1",NA,NA,"3"
"4","5","2","7","5","2",NA,"1",NA,"3","6"
NA,"7",NA,"9","5","2",NA,"1",NA,NA,"4"
"2","5",NA,"3","5","3",NA,"1","11",NA,NA
NA,"7","1","3","5","1",NA,"1",NA,"3","4"
NA,"6","2","9","5","1",NA,"1",NA,"3","3"
"3","3","5","4","4","2","5","1","4","3",NA
"3","7","3","2","3","2",NA,"1","11","2","5"
"3","1","2","4","5","1",NA,"1",NA,NA,NA
NA,"1",NA,"8","5","2","5","1","5",NA,NA
NA,"4","3","4","5","2","3","1","4",NA,"3"
NA,"7","2","3","2","1",NA,"1",NA,NA,"8"
NA,"3","2","5","5","2",NA,"1",NA,"3","5"
NA,"6",NA,"9","5","2",NA,"1",NA,"3","5"
"2","5","2","4","5","1",NA,"1",NA,NA,"3"
NA,"6","2","4","5","2",NA,"1",NA,NA,"6"
"3","3",NA,"5","2","2","4","1",NA,NA,"4"
NA,"3",NA,"6","5","3",NA,"1","11","3",NA
"2","7","1","5","5","1",NA,"1",NA,"3","3"
NA,"7","1","4","5","1",NA,"1",NA,"2","3"
"3","3","3","7","5","2","5","1","4",NA,NA
NA,"3",NA,"13","5","2","5","1",NA,"3",NA
"4","2",NA,"7","4","2","2","1",NA,"3",NA
"2","1",NA,"5","5","3","3","1","7",NA,NA
"5","5",NA,"9","5","2","6","1",NA,"2","10"
NA,"5","6","7","5","2","3","1",NA,NA,NA
"3","5",NA,"7","5","4",NA,"1","11","3",NA
"4","1","2","6","5","1",NA,"1",NA,"3",NA
NA,"4",NA,"6","5","2","3","1",NA,"1",NA
NA,"3","2","3","5","2","2","1","8",NA,NA
NA,"3",NA,"7","5","2","3","1",NA,"1","4"
"1","1",NA,"6","5","4","3","1","8",NA,NA
NA,"4",NA,"10","5","2",NA,"1",NA,NA,NA
"2","5","2","5","5","2",NA,"1","5",NA,NA
"1","3","2","4","5","1",NA,"1","3",NA,"3"
NA,"4",NA,"8","4","2","3","1","7","3",NA
NA,"6","2","6","5","3",NA,"1","12","2","5"
"5","5",NA,"9","5","2","5","1",NA,"3",NA
"3","4","4","6","5","2","3","1",NA,NA,"3"
NA,"5","1","5","5","2",NA,"1",NA,"3","7"
NA,"6",NA,"5","4","3","2","1","12","3","3"
NA,"4","1","1","5","1",NA,"1",NA,"3","5"
"3","5","4","6","5","2","4","1","5",NA,"7"
"2","3","1","4","5","1",NA,"1",NA,NA,"4"
"2","5","1","5","5","2",NA,"1","7","3","4"
"2","5",NA,"6","5","3",NA,"1","6","3",NA
"3","3","2","6","5","2","3","1",NA,"1",NA
NA,"5",NA,"7","5","2",NA,"1",NA,NA,"6"
"4","5","4","4","5","2",NA,"1","5","3","6"
NA,"3",NA,"6","5","3","3","1","9","3",NA
"2","7","2","7","5","2",NA,"1",NA,"1","4"
"3","7",NA,"9","5","2","2","1",NA,"1","5"
NA,"4",NA,"6","5","3",NA,"1","13",NA,NA
"3","1",NA,"4","3","2",NA,"1","3",NA,NA
"1","3","1","2","5","2",NA,"1","16",NA,NA
NA,"1","3","4","5","2",NA,"1","4",NA,NA
NA,"7",NA,"6","5","3",NA,"1",NA,NA,"3"
"3","3","2","7","5","2","6","1",NA,"3",NA
NA,"2","2","8","5","1","4","1",NA,"3",NA
NA,"7","3","9","5","1",NA,"1",NA,NA,"7"
NA,"1","4","4","5","1","3","2",NA,NA,NA
"4","4","2","4","5","2","3","1","8",NA,NA
NA,"7","2","7","5","2","4","1",NA,"1","5"
"3","7","1","6","5","2",NA,"1",NA,NA,"4"
"3","3",NA,"8","5","2","3","1","4",NA,NA
"2","1","1","3","5","1",NA,"1","4",NA,NA
NA,"3",NA,"12","5","2","6","2",NA,NA,NA
"2","6","2","8","5","2","3","1",NA,"3","4"
"4","4",NA,"10","5","2","6","1","11","1","4"
"3","1","2","3","5","2",NA,"1","7","3",NA
"2","6","1","5","5","2",NA,"1","12","1","3"
"3","5",NA,"8","5","2","4","1",NA,NA,"6"
NA,"7",NA,"4","1","2",NA,"1",NA,"1","3"
NA,"1","1","7","5","2","7","1","12","1",NA
"4","5","3","7","5","2","2","1","9","3","3"
NA,"7",NA,"10","5","2","7","1",NA,NA,"5"
NA,"3",NA,"5","5","4",NA,"1","9",NA,NA
NA,"6","2","5","5","2",NA,"1",NA,NA,"3"
NA,"4","3","6","5","2",NA,"1",NA,NA,"4"
"1","1",NA,"5","3","2","2","1","8",NA,NA
NA,"6","3","6","5","2",NA,"1",NA,"3","6"
"2","6","2","4","5","2",NA,"1",NA,NA,"6"
"3","3","2","6","5","2","3","1","10","3",NA
"2","1","2","3","5","2","5","1","3","3",NA
NA,"4",NA,"3","5","3",NA,"1","10",NA,NA
NA,"3","3","5","5","2",NA,"1","5",NA,NA
"3","4",NA,"4","3","2",NA,"1","7","3","6"
"4","6","2","6","5","2",NA,"1",NA,"3","5"
NA,"5",NA,"8","5","2",NA,"1",NA,NA,"4"
NA,"5","2","9","5","2","5","1",NA,NA,"3"
"6","5",NA,"11","5","2","3","1",NA,"3","4"
NA,"3","1","10","5","2","3","1",NA,"2",NA
"2","5","2","5","5","2","3","1",NA,NA,"5"
"4","7","2","5","5","2",NA,"1",NA,"1","3"
"4","2","2","5","5","2",NA,"1","3",NA,NA
"2","2","2","4","5","2",NA,"1","5","3",NA
"4","3",NA,"15","5","2","6","1",NA,"3",NA
"2","6",NA,"10","5","2","7","1",NA,NA,"8"
"3","6","2","6","5","2",NA,"1","12",NA,"4"
"5","4",NA,"11","5","3","5","1","6","3",NA
"3","5","2","3","4","1",NA,"1",NA,"3","8"
"3","4",NA,"8","5","2",NA,"1",NA,"3",NA
"3","3","4","5","5","2","4","1","6",NA,NA
"2","7","1","6","5","2",NA,"1",NA,"1","3"
"2","3","2","5","5","2","5","1",NA,"1",NA
"3","4",NA,"15","5","2","6","1",NA,NA,NA
"3","5","1","5","5","2",NA,"1",NA,NA,"4"
"4","4",NA,"3","3","2",NA,"1","6",NA,"4"
NA,"6",NA,"4","5","4","6","1","8","3","3"
"3","5",NA,"11","5","2","6","1",NA,"2",NA
NA,"4","5","4","4","2",NA,"1",NA,"3","9"
NA,"5","2","6","5","2","3","1","6",NA,"7"
"2","3",NA,"5","5","4",NA,"1","9","3",NA
NA,"5",NA,"7","5","2","7","1","6",NA,"6"
"3","4","6","4","5","2",NA,"1","4","3","4"
"1","5","5","7","5","2",NA,"1",NA,"3",NA
"3","3","4","5","5","2",NA,"1","3","3",NA
NA,"5","1","6","5","1","6","1",NA,"3","6"
"3","3","4","6","5","2",NA,"1",NA,NA,NA
NA,"1","3","6","5","1","5","1",NA,"1",NA
"1","3","1","2","5","1",NA,"1",NA,"1",NA
"3","3","2","8","5","2","2","1","12","1",NA
NA,"1","2","4","3","1","5","1","3",NA,"6"
"3","7",NA,"8","5","3",NA,"1","14","3","6"
"7","3",NA,"7","5","2",NA,"1","7",NA,NA
NA,"6","1","4","5","2",NA,"1","12",NA,"3"
NA,"4",NA,"12","5","2","6","1",NA,NA,"13"
"2","5","1","7","5","2",NA,"1",NA,"3","4"
"2","3",NA,"4","3","3","3","1","8",NA,NA
"2","2","2","6","5","2","2","1","15","1",NA
"6","6","4","7","5","2",NA,"1",NA,"3","5"
NA,"4","2","5","5","2","5","1","8",NA,NA
NA,"1","1","2","5","2",NA,"1","10","2",NA
NA,"7","2","8","5","2","3","1",NA,"2","3"
NA,"1","1","4","5","1",NA,"1",NA,"1",NA
"2","1","1","4","5","1",NA,"1",NA,NA,NA
"3","1","3","6","5","2","3","1","9","3",NA
"2","1","1","3","5","1",NA,"1","2","3",NA
"4","3","5","6","5","2",NA,"1",NA,"3",NA
NA,"2",NA,"4","4","2","5","1","5",NA,NA
"4","1",NA,"11","5","2","5","1",NA,"3",NA
NA,"4","3","7","5","2","6","1",NA,NA,"5"
NA,"3",NA,"6","5","4",NA,"1","8","3",NA
"4","4","2","10","5","1",NA,"1",NA,"3","5"
NA,"1",NA,"7","5","2","3","1","5",NA,NA
NA,"5","1","4","5","1","2","1",NA,"1","3"
"2","6",NA,"5","5","2","3","1",NA,NA,"4"
"6","7","2","5","5","2",NA,"1",NA,NA,"6"
NA,"4",NA,"8","5","2","4","1",NA,"3","4"
NA,"4",NA,"5","5","3","3","1","11","2",NA
NA,"6","2","5","5","2","3","1",NA,NA,"4"
"3","5","2","6","5","3","5","1","10","2",NA
"2","7","1","5","5","2",NA,"1","11","1","4"
NA,"3","2","6","5","1","5","1","3","3","5"
"3","6","2","5","5","2","5","1","10","3","12"
"3","3","1","3","5","3",NA,"1","11","3",NA
"2","3","1","4","5","2",NA,"1","10",NA,NA
NA,"1","2","5","5","2",NA,"1","3",NA,NA
NA,"5",NA,"7","4","3","5","1","7",NA,"3"
"3","4","4","6","5","2","3","1","3","3","3"
"3","3",NA,"2","5","2",NA,"1","17","1",NA
"3","5","2","4","5","2","3","1","10",NA,"7"
"2","2","3","5","5","1",NA,"1",NA,NA,NA
"2","5","1","6","5","2",NA,"1","11","1","2"
"3","3","4","6","4","2",NA,"1","7","3","8"
NA,"1",NA,"6","5","2","4","1","4",NA,NA
NA,"5","1","5","5","2",NA,"1",NA,"3","5"
NA,"1",NA,"4","5","3",NA,"1","11","1",NA
"1","3","2","2","5","2","7","1","4","3",NA
NA,"6","1","5","5","2",NA,"1",NA,"1","3"
NA,"7",NA,"12","5","2","5","1",NA,NA,"2"
"3","5",NA,"7","5","3","5","1",NA,"1","6"
"2","3","2","6","5","2","6","1","4","3",NA
NA,"1","2","6","5","2",NA,"1","7",NA,NA
NA,"3","4","6","5","2",NA,"1","5",NA,NA
NA,"7",NA,"8","5","2","3","1",NA,"3","3"
"3","5",NA,"9","5","2","3","1",NA,"3",NA
NA,"5",NA,"3","3","3","6","1","13",NA,NA
NA,"5","2","5","5","2",NA,"1","12","2","3"
NA,"3",NA,"7","5","3","3","1","4","1",NA
"2","1",NA,"6","5","4","3","1","9",NA,NA
NA,"6","2","6","5","2",NA,"1",NA,NA,"5"
"2","3","3","5","5","2",NA,"1","6",NA,NA
"3","3","1","6","5","2",NA,"1","10","1","2"
NA,"4","5","4","4","2",NA,"1",NA,"3","4"
"5","3",NA,"9","5","2","3","1","5","3","4"
"3","5",NA,"6","4","2","2","1","13","1","3"
NA,"3","2","4","5","2",NA,"1","13",NA,NA
"2","1","1","1","5","3",NA,"1","6",NA,NA
"3","7","2","6","5","2","2","1",NA,"1","3"
"3","1","3","4","5","1","3","1","2","3","4"
NA,"3",NA,"4","3","2",NA,"1",NA,NA,"6"
NA,"3","3","7","5","2",NA,"1","3","3","4"
NA,"3","4","4","5","2",NA,"1","5",NA,NA
"3","3",NA,"8","5","2","6","1","11","1",NA
"1","4","1","1","5","1",NA,"1",NA,"3","4"
"3","1","4","6","5","2","6","1","4",NA,NA
"1","4","1","4","5","1",NA,"1",NA,NA,"11"
"3","3","2","1","5","3",NA,"1","7",NA,NA
NA,"6","1","5","5","2",NA,"1",NA,NA,"6"
"2","7","2","6","5","2",NA,"1",NA,NA,"4"
NA,"5",NA,"6","5","3","3","1","8","3","3"
"4","3",NA,"7","5","3","6","1","11",NA,NA
"3","7","4","5","5","2",NA,"1",NA,NA,"4"
NA,"7",NA,"8","5","3",NA,"1",NA,"2","4"
NA,"3","3","4","5","2",NA,"2","8","3",NA
"3","4",NA,"12","5","2","5","1","6","2","1"
"3","3","5","4","5","2",NA,"1","4","3",NA
"3","1","1","2","5","1","5","1","2","3",NA
NA,"7","3","3","5","1",NA,"1",NA,"3","5"
NA,"2",NA,"8","5","3","6","1","9","3",NA
"3","5",NA,"7","5","2","3","1",NA,"3","7"
"3","1",NA,"6","5","3","3","1","10",NA,NA
"2","7","2","6","5","2","6","1","11",NA,"3"
"2","3","2","5","5","3","3","1","9",NA,NA
"3","4",NA,"6","5","3","7","1","4","3","9"
"4","7","1","5","5","1",NA,"1",NA,"1","5"
"4","7","4","6","5","2","5","1",NA,"2","5"
"2","5","1","3","5","2",NA,"1",NA,NA,"4"
"3","7","1","5","5","3",NA,"1","11",NA,"5"
"3","3","3","3","5","1",NA,"1","3",NA,NA
NA,"7",NA,"3","2","2",NA,"1",NA,"1","3"
"6","3","5","2","5","2",NA,"1","8","3",NA
NA,"7","2","6","5","2",NA,"1",NA,"3","7"
"3","3","3","8","5","2","5","1",NA,NA,NA
"3","4","2","5","5","1","4","1","4","3","5"
NA,"5","1","4","5","1","2","1",NA,"1","3"
"2","1","1","2","5","2",NA,"1","3","3",NA
"2","7","1","5","5","2",NA,"1",NA,NA,"5"
NA,"4","3","5","5","2",NA,"1","4","3",NA
NA,"6","2","5","5","2",NA,"1","8",NA,"4"
NA,"7","1","6","5","2",NA,"1",NA,"1","4"
"4","6",NA,"7","5","2","5","1",NA,NA,"5"
"4","2",NA,"6","5","3","5","1","10","3",NA
"3","6",NA,"8","5","2","3","1",NA,NA,"4"
"4","7","3","7","5","2","5","1",NA,NA,"5"
NA,"4","1","1","5","1",NA,"1","10",NA,NA
"3","3","3","5","5","2",NA,"1","8","3",NA
NA,"7","1","7","5","2",NA,"1",NA,"1","4"
"3","6","4","4","5","2","4","1","7","3","5"
NA,"5","1","5","5","2","5","1",NA,NA,"6"
"5","5",NA,"10","5","2","6","1",NA,"3","8"
NA,"6","2","5","5","2",NA,"1","8","3","6"
NA,"3",NA,"6","5","3",NA,"1","10","3",NA
"5","7","4","7","5","2",NA,"1",NA,"2","3"
"2","1",NA,"7","5","4",NA,"1","12","1",NA
NA,"3","1","3","5","2","3","1","12","1","4"
NA,"3",NA,"7","4","2","6","1","9",NA,"8"
NA,"7",NA,"6","5","3","3","1",NA,NA,"3"
"2","3",NA,"7","5","4","3","1","8",NA,NA
NA,"5","2","4","5","2",NA,"1",NA,NA,"3"
"2","7","2","6","5","1",NA,"1",NA,"2","3"
"3","5",NA,"7","5","4",NA,"1","10",NA,NA
"5","5",NA,"4","5","4",NA,"1","9",NA,NA
"3","1","2","8","5","2","3","1","8",NA,NA
"4","2","2","7","5","2","5","1",NA,NA,NA
"3","6",NA,"9","5","2","6","1",NA,NA,"9"
"3","2",NA,"6","5","2","3","1",NA,"3",NA
NA,"7","1","8","5","1",NA,"1",NA,NA,"4"
NA,"7",NA,"8","5","4",NA,"1","14","1","5"
NA,"4","1","5","5","2","6","1","8","3",NA
NA,"7",NA,"7","5","3","3","1","13","1",NA
NA,"5",NA,"6","5","3","5","1","7",NA,NA
NA,"2",NA,"6","5","2","3","1",NA,"3",NA
NA,"7",NA,"6","5","2",NA,"1","14",NA,"4"
NA,"3","3","4","4","1","4","1","2",NA,"3"
"4","3",NA,"14","5","2","3","1",NA,"1",NA
"3","3","2","5","5","1",NA,"1",NA,"3",NA
NA,"4",NA,"9","5","3","3","1","9","3","5"
NA,"7",NA,"5","5","4",NA,"1","12","1","4"
"3","6","2","5","5","2",NA,"1",NA,"2","3"
"2","2",NA,"7","4","2","5","1","6","3",NA
"5","5","3","9","5","2","5","1",NA,"3","11"
"4","2",NA,"6","5","3","5","1","9",NA,NA
NA,"4","4","6","5","2",NA,"1",NA,NA,"2"
"1","7","1","4","5","2",NA,"1",NA,"1","3"
"2","7",NA,"6","5","4","3","1","12",NA,"3"
NA,"4","2","5","5","1",NA,"1","4","3",NA
NA,"4",NA,"5","2","3",NA,"1","10","3","4"
"3","3",NA,"9","4","2","2","1","10",NA,"2"
NA,"1",NA,"9","5","2","6","1",NA,NA,NA
"3","7",NA,"12","5","2","3","1",NA,"2","4"
"3","2",NA,"5","5","2","3","1","6","3",NA
"2","4","1","5","4","2",NA,"1",NA,"3","10"
NA,"1","1","7","5","2","3","1","8","3",NA
NA,"1","1","10","5","1","5","1",NA,"3",NA
NA,"3",NA,"5","5","3","3","1","11","3",NA
"3","6",NA,"10","5","3","3","1",NA,"3","6"
"3","3",NA,"4","5","3","4","1","5",NA,NA
"2","1","3","5","5","1",NA,"2",NA,"3",NA
NA,"1",NA,"4","5","3","3","1","7","3",NA
"3","5","4","4","5","2",NA,"1","5","3",NA
"4","4",NA,"11","5","2","3","1","12",NA,"5"
NA,"7","2","9","5","2","7","1",NA,"3","7"
"5","3",NA,"9","5","3","3","1","10",NA,NA
"3","6","1","5","5","1","3","1",NA,"1","6"
NA,"5","3","7","5","2","2","1","9","3","7"
NA,"4","2","8","4","1",NA,"1",NA,NA,"3"
NA,"7",NA,"7","5","2",NA,"1",NA,NA,"8"
NA,"5",NA,"16","5","3","4","1",NA,NA,"7"
"3","4",NA,"7","5","4","4","1","9","3",NA
NA,"6","2","4","5","2",NA,"1",NA,"1","3"
NA,"1","2","5","5","1",NA,"1","2",NA,NA
NA,"4","4","5","4","2",NA,"1",NA,NA,"4"
NA,"7","2","3","3","2",NA,"1",NA,NA,"3"
NA,"7","1","5","5","2",NA,"1",NA,"1","4"
NA,"6","3","6","5","2","6","1",NA,"3","5"
NA,"4",NA,"8","4","4","5","1","6","3",NA
"5","3","4","6","4","2",NA,"1",NA,"2",NA
NA,"6","2","4","5","1",NA,"1",NA,"3","5"
"1","6","2","4","4","1",NA,"1",NA,"3","5"
NA,"2",NA,"6","2","2","2","1","6","3",NA
"4","3",NA,"5","5","4",NA,"1","10","3",NA
NA,"2","1","3","5","1",NA,"1",NA,"3",NA
"2","5","2","5","5","2",NA,"1",NA,"1","11"
"3","5",NA,"10","5","3","5","1","11",NA,"7"
NA,"3",NA,"5","1","2","2","1","5","1","2"
NA,"4","1","5","5","2","5","1",NA,NA,NA
"2","7",NA,"6","5","3","2","1",NA,"3","3"
"4","3",NA,"5","5","4","3","1","11","1",NA
"3","5",NA,"12","5","2","5","1",NA,"3","9"
"3","7","1","10","5","2",NA,"1",NA,NA,"5"
"4","1","5","5","4","2","3","1","4",NA,NA
NA,"4",NA,"7","5","3","4","1","9",NA,NA
"6","6","1","9","5","1","4","1",NA,"3","4"
"1","3","1","1","4","1",NA,"1","3",NA,NA
"3","3",NA,"9","5","2","7","1","5",NA,NA
NA,"5",NA,"9","5","3","3","1","11","2",NA
"3","4","1","5","5","2",NA,"1","9","3","4"
"3","5","2","5","5","2","3","1","12",NA,"3"
NA,"6","1","9","5","1","3","1",NA,NA,"2"
"1","3","1","6","5","1",NA,"1","3","3",NA
NA,"1",NA,"4","1","2","3","1","5","1",NA
"2","1","2","9","5","1","5","1",NA,NA,NA
NA,"1",NA,"3","5","4","2","1","12","1",NA
"3","3","1","6","5","2","3","1","4","3",NA
"5","6","2","9","5","2","3","1",NA,NA,"8"
NA,"5",NA,"10","5","2","6","1",NA,NA,"13"
"3","5","2","6","5","2","6","1",NA,"3","5"
NA,"7","1","8","5","2","5","1",NA,NA,"13"
NA,"6","1","6","5","1","4","1",NA,"1","4"
NA,"2","1","2","5","2",NA,"1",NA,NA,"3"
"4","7",NA,"7","5","2","3","1",NA,"3","6"
"1","7",NA,"6","2","2","2","1",NA,NA,"4"
"3","6",NA,"8","5","3","3","1","11","3",NA
NA,"5","6","5","5","2",NA,"1",NA,NA,NA
"4","3",NA,"8","5","2","5","1",NA,"3",NA
"3","4",NA,"4","4","2",NA,"1","6",NA,"5"
"2","2",NA,"5","4","3","6","1","5",NA,NA
"3","6",NA,"7","5","3",NA,"1","13",NA,"3"
"3","5",NA,"9","5","2","5","1","8",NA,"6"
"6","2",NA,"4","4","2",NA,"1","7","3",NA
NA,"7","2","9","5","2","5","1",NA,NA,"6"
NA,"1","2","5","5","1",NA,"1",NA,NA,NA
"3","7",NA,"9","5","2","5","1",NA,"3","9"
NA,"7",NA,"6","5","4",NA,"1","15",NA,"3"
"2","3","1","1","5","1",NA,"1",NA,NA,NA
"2","5",NA,"5","5","3","3","1","13","3","5"
"5","3",NA,"6","4","2","3","1","6","3",NA
NA,"5","1","8","5","1","3","1",NA,NA,"6"
"3","2","2","9","5","1",NA,"1",NA,"3",NA
"2","6",NA,"7","5","3","5","1","11",NA,"7"
"5","4",NA,"6","3","1","3","1",NA,NA,"2"
"2","3","1","2","5","1",NA,"2",NA,"3",NA
"4","6",NA,"8","5","2","3","1",NA,"3","5"
"3","4",NA,"5","5","3",NA,"1","10","1",NA
"2","7",NA,"6","5","4",NA,"1","13",NA,"2"
"1","3","1","4","2","1",NA,"1","5",NA,"4"
"2","1","2","4","5","2","4","1","2","2",NA
"1","5","2","2","5","2",NA,"1","11",NA,"3"
"2","4","2","6","5","1","3","1",NA,NA,"5"
"4","4",NA,"7","5","3",NA,"1","5","3",NA
"3","5","4","7","5","2","5","1",NA,NA,"9"
NA,"2","2","4","5","2","3","1","11",NA,NA
"2","2","6","5","5","2","3","1","5",NA,NA
"2","1","2","4","5","1","5","1",NA,"3",NA
NA,"6",NA,"5","5","3",NA,"1","7",NA,"5"
NA,"6","1","6","5","2","3","1","10",NA,"4"
"3","6","2","5","5","2",NA,"1",NA,"3","5"
"2","5",NA,"5","5","4","2","1","11",NA,NA
NA,"3","3","5","5","2","3","1","5",NA,"4"
"2","6","2","9","5","2",NA,"1","9","1","4"
NA,"3","1","9","5","2","3","1",NA,NA,"4"
NA,"3","1","1","5","1",NA,"1",NA,NA,NA
"2","2","2","6","5","2","4","1","8",NA,NA
"4","6",NA,"8","5","2",NA,"1",NA,NA,"3"
"4","3",NA,"9","5","3","4","1","6",NA,NA
"3","6","1","8","5","1",NA,"1",NA,"3","4"
NA,"1","1","1","5","1",NA,"1","3",NA,NA
NA,"5","1","4","5","1",NA,"1",NA,"3","11"
NA,"7","2","7","5","2",NA,"1",NA,"1","3"
"7","4",NA,"10","5","2","3","1","4",NA,NA
"2","6","1","1","5","1",NA,"2",NA,"3","4"
NA,"5",NA,"7","2","2","3","1",NA,NA,"3"
NA,"7",NA,"7","5","2",NA,"1",NA,"3","6"
"2","7",NA,"9","5","3","3","1","12",NA,"2"
NA,"6","1","6","5","1","5","1",NA,NA,"8"
NA,"1",NA,"3","5","2","5","1","7",NA,NA
"4","6",NA,"6","5","3",NA,"1","10","3","4"
"4","3","2","7","5","3","3","1","11",NA,NA
"3","6","2","5","5","2",NA,"1",NA,"3","4"
NA,"4","2","5","5","2",NA,"1","8","3",NA
NA,"3",NA,"4","3","2","1","1","4",NA,"2"
NA,"6","3","5","4","1",NA,"1",NA,"3","8"
NA,"4","4","8","5","2","3","1","8","3","3"
"3","5","3","7","5","2","3","1",NA,"3",NA
NA,"3","4","5","4","2","6","1","4","3","6"
"3","7",NA,"8","5","3","3","1",NA,NA,"4"
"3","5",NA,"7","5","4",NA,"1","11","3",NA
"3","6","2","5","5","2",NA,"1",NA,NA,NA
"2","4","4","5","5","1","3","1",NA,"3","4"
"6","6",NA,"10","5","2","3","1",NA,"3","8"
"2","1","1","4","5","1",NA,"1","3","3",NA
NA,"5",NA,"6","1","2","2","1","13","1",NA
"4","4","4","5","5","2",NA,"1",NA,"3","5"
"5","3",NA,"6","5","2","1","1","8",NA,NA
NA,"4",NA,"4","5","3","5","1","5","3","5"
NA,"3","4","6","5","2",NA,"1",NA,"3",NA
NA,"5",NA,"8","5","2","4","1",NA,"3","5"
"3","5",NA,"5","3","2",NA,"1","5","3","4"
"2","5","2","7","5","2","3","1",NA,NA,"7"
NA,"7",NA,"9","4","2",NA,"1",NA,"3","7"
NA,"4",NA,"6","3","2","3","1","8",NA,"4"
NA,"1","2","3","5","2","4","1","14","1",NA
"2","5","1","4","3","1",NA,"1",NA,NA,"3"
"3","3",NA,"12","5","2","6","1",NA,NA,NA
NA,"4","5","4","4","2",NA,"1",NA,"3","3"
NA,"3",NA,"7","3","2","3","1","4","3",NA
"2","3","1","9","5","2","6","1",NA,"3",NA
NA,"1","1","4","5","2","6","1","11","1",NA
"1","2","1","4","5","3",NA,"1","12","1",NA
NA,"4",NA,"8","5","3","6","1","12","3","7"
NA,"3",NA,"5","2","1","2","1","10",NA,"4"
"2","7","1","5","5","1",NA,"1",NA,NA,"4"
NA,"4",NA,"5","5","4",NA,"1","12","1",NA
NA,"4",NA,"3","2","2",NA,"1","9","1","4"
NA,"6","2","7","5","3",NA,"1","13",NA,"4"
NA,"4","3","6","5","2","6","1","3","3",NA
NA,"7",NA,"10","5","2","3","1",NA,NA,"5"
"3","6","2","9","5","2","5","1",NA,NA,"6"
"4","5",NA,"6","1","3","2","1","5",NA,"4"
NA,"2","4","8","5","2","5","1","8","3",NA
NA,"2","1","4","5","1","3","1",NA,NA,NA
"3","2","1","4","5","1","3","1",NA,"3","4"
"4","6",NA,"6","5","4",NA,"1","10",NA,"4"
NA,"7",NA,"4","3","2","2","1",NA,"1","3"
NA,"4",NA,"9","5","3","6","1","11",NA,NA
NA,"7",NA,"6","5","4",NA,"1","11","1","4"
NA,"5",NA,"10","5","4","3","1","9",NA,NA
"2","1","7","6","5","2","3","1","5",NA,NA
"3","5","3","3","5","1",NA,"2",NA,"3","5"
NA,"4",NA,"7","5","2","6","1",NA,NA,"10"
"4","4",NA,"7","5","4",NA,"1","8","3",NA
"5","3",NA,"5","5","2",NA,"1",NA,"3",NA
"4","4",NA,"9","5","2","5","1","7",NA,NA
"3","4","3","6","4","1",NA,"1",NA,"3","4"
NA,"2","2","7","5","2","6","1","10","2",NA
"2","1","2","4","4","1","5","1","2","3",NA
"2","1","2","4","5","2",NA,"1","3",NA,NA
"2","2","3","4","5","2","3","1","8",NA,NA
NA,"6",NA,"5","5","3",NA,"1","15",NA,"3"
"2","5","1","5","5","2",NA,"1",NA,"1","4"
"2","4","1","5","5","2","3","1",NA,"1","3"
NA,"1","2","4","5","2",NA,"1","3","3",NA
"4","6","2","5","5","2","2","1",NA,"3","5"
NA,"7",NA,"6","5","3",NA,"1","10",NA,"9"
NA,"4",NA,"12","5","2","1","1",NA,"1",NA
"4","4",NA,"7","5","3","5","1","7",NA,"5"
"2","1","1","5","5","2","2","1","5","3","3"
"2","5","2","4","5","1",NA,"1",NA,"3","4"
"1","3",NA,"5","1","1","2","1",NA,NA,"3"
NA,"6","2","5","5","2",NA,"1","11","1","3"
NA,"3",NA,"6","3","4","3","2","10","3",NA
NA,"4",NA,"4","2","2","4","1",NA,"2","4"
NA,"5","3","6","5","2",NA,"1",NA,"3","3"
"2","7","1","5","5","2",NA,"1",NA,NA,"4"
NA,"7",NA,"7","5","2",NA,"1",NA,NA,"3"
"2","4","2","3","5","1",NA,"1",NA,NA,NA
NA,"4","2","6","5","2",NA,"1","14",NA,NA
NA,"2","1","4","5","1","3","1",NA,NA,"5"
"3","4","4","6","5","2",NA,"1","12",NA,NA
"3","5",NA,"5","4","3",NA,"1","9","3","6"
NA,"3","2","4","5","1",NA,"1",NA,"3","7"
"3","7","2","4","5","2",NA,"1","13","1","3"
"2","1",NA,"3","2","3","2","1","10",NA,NA
NA,"7","1","4","5","1",NA,"1",NA,"1","3"
NA,"7",NA,"9","5","3","3","1",NA,"1","3"
NA,"5","1","4","5","2",NA,"1","15","1","4"
NA,"6","4","8","5","2","3","1",NA,"1","2"
"3","6","3","5","5","2",NA,"1",NA,"3","3"
"3","2","4","5","5","2",NA,"1","4","3",NA
NA,"6","4","9","5","2","2","1",NA,"1","4"
"3","4","2","5","5","2","7","1","11",NA,"10"
"3","1","2","6","5","2","3","1","3","3",NA
"4","6",NA,"7","5","2",NA,"1",NA,"2","3"
NA,"7","2","1","1","1",NA,"1",NA,NA,"2"
NA,"4","4","5","5","2",NA,"1",NA,"3",NA
"2","3",NA,"7","4","2","5","1",NA,NA,NA
"3","7",NA,"10","5","2","3","1",NA,"3","9"
"3","3","2","6","5","2",NA,"1","5","3",NA
"3","7","3","8","5","1",NA,"1",NA,NA,"2"
NA,"4",NA,"5","3","2","3","1","4","3","4"
NA,"3",NA,"6","4","2",NA,"1","8","1",NA
"2","4",NA,"6","5","2","3","1",NA,NA,"5"
NA,"4","5","4","5","2",NA,"1",NA,NA,"4"
NA,"5","1","6","5","1",NA,"1",NA,"1","7"
"2","3","1","4","5","2",NA,"1","12",NA,"3"
NA,"5","4","7","5","2",NA,"1",NA,"3","4"
"3","1","2","4","5","2","3","1","2","3",NA
NA,"5","2","6","5","2",NA,"1","8","3","4"
NA,"7","1","6","5","2",NA,"1",NA,"3","7"
NA,"3",NA,"10","5","2","6","1",NA,"3",NA
NA,"3","1","5","5","2","3","1","13",NA,NA
"5","3",NA,"6","3","2","3","1","2","3","3"
"3","1","4","5","5","1","2","1",NA,"3",NA
"5","4","7","7","4","1","3","2",NA,"3","6"
NA,"6","3","4","5","2",NA,"1",NA,"3","4"
"2","7","1","5","5","2","3","1",NA,"1","3"
NA,"7","2","5","5","2",NA,"1",NA,"1","5"
"5","2","2","6","5","2","3","1","11",NA,NA
NA,"6","2","6","5","2","6","1",NA,NA,"4"
"2","1","3","4","5","2","3","1","6","3",NA
"3","1",NA,"3","3","3",NA,"1","9","3",NA
"3","5",NA,"4","5","4",NA,"1","12","1",NA
"2","4",NA,"3","5","3",NA,"1","9",NA,NA
NA,"4",NA,"11","5","3",NA,"1","8","3",NA
"5","2",NA,"14","5","2","3","1","7",NA,NA
NA,"6","1","3","5","2",NA,"1",NA,"1","4"
NA,"7",NA,"7","5","2",NA,"1",NA,"1","5"
"2","5","4","4","4","2",NA,"1",NA,NA,"4"
"3","1","1","5","5","1","5","1",NA,NA,NA
NA,"5","1","5","5","1","3","1",NA,NA,"4"
NA,"5",NA,"7","4","3",NA,"1","8",NA,"4"
"2","6","1","8","5","1","5","1",NA,"3","6"
NA,"6",NA,"6","4","2","3","1",NA,NA,"4"
"3","5",NA,"7","5","3","4","1","9",NA,NA
NA,"5",NA,"10","5","2",NA,"1",NA,NA,"8"
NA,"6",NA,"6","5","3","2","1","9",NA,"3"
NA,"3",NA,"10","5","3","3","1","6","3",NA
NA,"1","6","9","5","1","3","1",NA,NA,NA
NA,"2","2","5","5","2",NA,"1","10","1",NA
"5","1",NA,"5","5","3",NA,"1","9","3",NA
NA,"5",NA,"6","5","3",NA,"1","7",NA,"13"
NA,"4",NA,"5","5","3","4","1","10","3","3"
NA,"4",NA,"11","5","3","5","1","6","3",NA
NA,"6",NA,"8","5","4",NA,"1","12","1","5"
"3","4","4","7","5","2","5","1","5","3",NA
"2","7","2","6","5","2",NA,"1",NA,NA,"4"
"2","1",NA,"4","5","3",NA,"1","12",NA,NA
NA,"5","3","5","5","2",NA,"1","9","3","5"
"2","6","2","5","2","2","2","1","12","1","3"
"3","6",NA,"6","5","3","3","1","13",NA,"3"
NA,"2",NA,"8","5","2","4","1","5","3",NA
"3","5",NA,"6","3","2","3","1",NA,"3",NA
"4","2",NA,"7","4","3","3","1","10","1",NA
NA,"5","2","4","5","3",NA,"1","10","3",NA
NA,"1","2","1","5","1",NA,"2","2",NA,NA
NA,"3","7","6","5","2","3","1","6","2",NA
"1","5",NA,"2","5","2",NA,"1","16",NA,"4"
"4","6",NA,"8","5","2","3","1",NA,NA,"4"
NA,"4","3","5","5","1","3","1",NA,"3","3"
NA,"1","2","4","5","1","5","1",NA,NA,NA
"4","2","3","2","5","2",NA,"1","4","3",NA
"2","7","2","3","4","2",NA,"1",NA,"2","3"
"3","3",NA,"8","5","3","3","1","6",NA,NA
"7","5","4","6","5","2",NA,"1",NA,"3","6"
NA,"1","2","3","5","2",NA,"1","10",NA,NA
NA,"4","1","4","4","2","4","1",NA,"3",NA
NA,"6",NA,"7","5","2","3","1","12",NA,"3"
"5","5",NA,"10","5","2","2","2","10",NA,"5"
NA,"7","1","4","5","1",NA,"1",NA,"3","4"
NA,"5",NA,"8","5","3","5","1","9","3","7"
"1","1",NA,"6","5","3","3","1","13","1",NA
"3","5","1","4","5","1","5","1",NA,"3","5"
"3","2",NA,"11","5","2","6","1","6",NA,NA
"3","2","3","6","5","2","5","1",NA,"2",NA
"3","3","3","6","5","2","5","1","7",NA,"9"
NA,"5","2","10","4","2","6","1",NA,"1","2"
"3","4",NA,"10","5","2","6","1","9",NA,NA
NA,"1","2","8","5","2","7","1","10",NA,NA
"1","5","2","5","5","3",NA,"1","12",NA,"13"
"3","4","1","6","5","1","3","1",NA,"3","4"
NA,"5",NA,"10","5","2","6","1",NA,NA,"9"
"3","3","2","4","5","2",NA,"1","4",NA,NA
NA,"5","7","3","3","2","3","1",NA,NA,"5"
NA,"4","1","1","4","1",NA,"1",NA,"3","8"
NA,"5",NA,"10","5","3","3","1","9","3","5"
"3","7",NA,"7","5","2",NA,"1",NA,"1","5"
"4","6",NA,"7","5","2",NA,"1",NA,NA,"4"
NA,"7",NA,"8","5","2","3","1",NA,"1","3"
NA,"6",NA,"16","5","4","3","1","11",NA,NA
"3","3","2","5","5","2","3","1","9","2",NA
NA,"3","1","4","5","3","3","1","12",NA,NA
NA,"4","5","5","5","1",NA,"1",NA,NA,"4"
"2","4","1","5","5","2","3","1","13","1","4"
"3","6","2","5","5","3","3","1","12","1","3"
"5","4","4","7","5","2","6","1","7","3","4"
NA,"3","5","8","5","2","5","1","6",NA,NA
"3","7","1","6","5","2","3","1",NA,NA,"5"
"4","4",NA,"10","4","2","5","1","6",NA,"13"
"5","5",NA,"8","4","2","5","1",NA,"3",NA
"2","3",NA,"7","5","3","4","1","5","1",NA
NA,"3","2","5","4","2",NA,"1",NA,"3",NA
NA,"6",NA,"5","5","4",NA,"1","12",NA,"5"
"2","4","1","8","5","1","3","1",NA,"1","4"
NA,"7","2","5","5","2",NA,"1",NA,"2","4"
NA,"5","2","4","5","2",NA,"1",NA,NA,"5"
"1","4","1","4","5","2",NA,"1","12","1",NA
"2","7","2","4","4","1",NA,"1",NA,"1","2"
NA,"5","3","7","5","2","6","1",NA,NA,"5"
"4","3","3","6","5","2","5","1",NA,"3",NA
NA,"3","4","4","5","2",NA,"1","3","3",NA
"5","5",NA,"9","4","2","6","1","9","3","9"
"4","5",NA,"8","5","2","3","1","5","3","4"
"2","7",NA,"7","5","2",NA,"1",NA,NA,"5"
NA,"5",NA,"5","3","2","2","1","8",NA,"3"
NA,"7","1","6","5","1","3","1",NA,NA,"3"
NA,"5","1","4","5","2",NA,"1","11","1",NA
"4","1","3","4","5","1","3","1",NA,"3",NA
"2","6","1","5","4","1",NA,"1",NA,NA,"4"
NA,"3",NA,"9","5","2","5","1","7","3",NA
"2","7","1","5","5","2",NA,"1",NA,"2","5"
"1","4","1","3","4","1","4","1",NA,NA,"5"
"3","1",NA,"8","5","3","3","1","7","3",NA
"2","6","1","7","5","2",NA,"1",NA,"2","3"
"1","5",NA,"6","5","3",NA,"1","13","1","3"
"3","4","4","8","5","2","7","1","6","3",NA
"1","7","1","7","5","2",NA,"1",NA,"3","3"
"2","6","4","6","5","2","2","1",NA,"3","5"
NA,"6",NA,"5","5","4",NA,"1","10","2","3"
"4","7","2","6","5","2",NA,"1","10","2","1"
NA,"6",NA,"6","5","3",NA,"1","13","1",NA
"2","2",NA,"5","5","3",NA,"1","10",NA,NA
NA,"5",NA,"4","5","2","5","1","10","3","6"
NA,"7","1","7","5","2",NA,"1",NA,"1","4"
"2","1","2","3","5","1","5","1",NA,"3",NA
NA,"7","3","9","4","2","3","1",NA,"3","7"
"3","2","2","5","5","1",NA,"1",NA,NA,"3"
NA,"4","1","5","5","2",NA,"1","11",NA,"3"
"3","4","3","8","5","2",NA,"1","6",NA,NA
"4","6",NA,"10","5","2","3","1",NA,"1","5"
"2","4",NA,"6","5","3","3","1","11","3",NA
NA,"6","1","7","5","2","4","1",NA,"1","3"
"1","2",NA,"3","2","2","3","2","12",NA,"3"
"3","7",NA,"9","5","2","3","1",NA,NA,"3"
NA,"7","2","6","5","2",NA,"1",NA,NA,"13"
"3","6","5","5","4","2",NA,"1","10","3","7"
NA,"6",NA,"6","5","3",NA,"1","8","2","3"
NA,"2","3","5","5","2","3","1","3",NA,NA
"2","2",NA,"6","5","3","2","1","6","3",NA
"2","5","1","5","5","2","3","1","12","3","6"
"4","5",NA,"10","5","4",NA,"1","8",NA,NA
NA,"5","6","6","4","2","3","1",NA,"3","5"
"2","4",NA,"6","5","4",NA,"1","9",NA,NA
NA,"6","4","8","5","2","5","1",NA,"3","8"
NA,"6","2","5","5","2",NA,"1",NA,NA,"5"
NA,"3","1","3","5","1",NA,"1",NA,"3",NA
NA,"5","1","7","5","2",NA,"1","10",NA,"13"
"3","3","2","7","5","2",NA,"1","3","3",NA
"3","3","1","5","5","2","3","1","8","3",NA
"3","5",NA,"7","5","2","6","1","7","3","9"
NA,"7",NA,"8","5","3",NA,"2","12","1",NA
"3","3",NA,"6","1","1","1","1",NA,"3","5"
NA,"2",NA,"9","5","2","3","1","3",NA,NA
"4","6","2","9","5","2","6","1",NA,"3","13"
"4","1",NA,"8","4","3","6","1","9",NA,NA
"4","4",NA,"4","4","3",NA,"1","6","3",NA
NA,"7","2","7","5","2",NA,"1",NA,"3","5"
"2","6",NA,"8","5","3",NA,"1","9","3","6"
"3","6","1","5","5","2",NA,"1","10","3","4"
"2","4","2","5","5","2",NA,"1","7",NA,NA
"4","5",NA,"5","2","2",NA,"1",NA,"3","4"
"4","3",NA,"5","5","4",NA,"1","7","3",NA
NA,"3","5","5","5","1","3","1","4","3","4"
"3","5",NA,"5","5","2","3","1",NA,NA,"3"
NA,"7",NA,"7","5","3",NA,"1","10","3","6"
"3","2",NA,"5","5","3","4","1","6","3",NA
"2","4","5","6","5","1","3","1",NA,NA,"4"
NA,"5","2","6","5","2",NA,"1",NA,NA,NA
"4","3",NA,"8","5","2","3","1",NA,"3",NA
NA,"4","1","10","5","1","6","1",NA,NA,"9"
NA,"3","4","6","4","2","4","1","3","3",NA
NA,"1","2","3","5","2","3","1","2",NA,NA
NA,"5",NA,"4","2","2","3","1","12",NA,"4"
NA,"4",NA,"6","5","3",NA,"1","10",NA,NA
NA,"6",NA,"8","5","3","5","1","11","3","5"
NA,"7","2","7","5","2",NA,"1",NA,"2","5"
NA,"1",NA,"5","5","3",NA,"1","9","3",NA
NA,"5","3","6","5","1","3","1",NA,NA,"4"
"2","2","4","5","5","2","3","1","8",NA,NA
NA,"4","1","4","5","2",NA,"1","8","3","6"
"3","4",NA,"5","5","3","3","1","12","2",NA
"2","3",NA,"6","4","2","3","1","7","3",NA
NA,"6",NA,"9","4","3","5","1","13","2","4"
"4","1","3","6","5","1","5","1",NA,"3",NA
"2","7",NA,"7","5","2","3","1","11","3","4"
NA,"3",NA,"4","3","2",NA,"1",NA,NA,"4"
"3","6",NA,"8","5","3","3","1","13",NA,"8"
"2","4","2","8","5","2","3","1",NA,NA,"5"
NA,"4",NA,"5","2","2","2","1","12",NA,"3"
NA,"7","1","6","5","2",NA,"1",NA,"1","6"
NA,"1","3","8","5","2","4","1","3","3",NA
"2","5","1","4","5","2",NA,"1","12","1","5"
NA,"7",NA,"6","4","2",NA,"1",NA,"3","8"
NA,"6","3","7","4","2","3","1","7",NA,"3"
NA,"6",NA,"7","4","2","3","1",NA,"3","6"
"3","3","2","6","5","2","3","1","2","3",NA
"2","5","3","5","5","2","6","1","7",NA,"6"
NA,"4","1","13","5","1","3","1",NA,"3","4"
"1","5","2","6","5","2",NA,"1",NA,"1","4"
NA,"6",NA,"8","5","2",NA,"1",NA,NA,"4"
"2","5",NA,"3","5","3",NA,"1","12","1",NA
"3","3","5","4","5","2",NA,"1",NA,NA,"2"
NA,"6",NA,"6","4","3",NA,"1",NA,"3",NA
NA,"5","2","6","4","1","3","1",NA,NA,"6"
"2","2",NA,"3","5","3",NA,"1","10","3",NA
NA,"1",NA,"8","4","2","6","1","11","1",NA
NA,"4","1","4","5","2",NA,"1","10",NA,NA
"3","3","4","10","5","2","5","1",NA,"3",NA
"2","5","1","8","5","1","3","1",NA,"3","4"
NA,"6",NA,"11","5","2","5","1",NA,"3","13"
"1","2","1","3","5","1",NA,"1",NA,"3","7"
"4","5","3","6","5","2","3","1","9","3",NA
"4","2",NA,"6","4","4","5","1","5","3",NA
"2","3","1","3","5","1",NA,"1",NA,"2",NA
NA,"5","3","7","5","2","5","1",NA,"3","9"
"2","6",NA,"7","5","4","3","1","9","2",NA
"2","2","1","6","5","2","3","1","14",NA,NA
NA,"7",NA,"7","3","2","3","1",NA,"3","4"
"4","6",NA,"4","5","2","3","1","11","1","3"
NA,"2","1","2","5","1",NA,"1","2","3",NA
NA,"6",NA,"6","2","2","5","1",NA,NA,"10"
"6","7",NA,"6","5","3","4","1","8",NA,"7"
"3","2",NA,"8","5","2","5","1","7",NA,NA
NA,"3","1","5","5","1","6","1",NA,NA,NA
NA,"4","1","5","3","1",NA,"1",NA,"1","2"
NA,"7",NA,"8","5","3","5","1",NA,"3","6"
NA,"3",NA,"8","5","2",NA,"1","6",NA,NA
"3","3",NA,"6","1","2","2","1",NA,NA,"4"
"2","3",NA,"4","4","2",NA,"2",NA,"3",NA
"3","2","1","1","5","2","5","1","11","3",NA
"3","5",NA,"7","5","4","3","1","11",NA,NA
NA,"4",NA,"6","5","3","3","1","12","3",NA
"2","7","2","7","5","2","3","1",NA,"1","3"
"3","5",NA,"5","4","3","3","1","14",NA,"4"
"5","5",NA,"8","5","2",NA,"1",NA,"3","4"
"2","3",NA,"7","5","2","4","1","9","3",NA
NA,"3","2","4","5","2",NA,"1","2","3",NA
"3","1",NA,"5","5","3","4","1","7","3",NA
"3","5",NA,"8","5","2","5","1",NA,NA,NA
"4","6","2","6","5","2",NA,"1",NA,NA,"6"
NA,"6",NA,"11","5","2","6","1",NA,NA,"7"
NA,"3",NA,"4","3","2","3","1","4","3","3"
NA,"3",NA,"12","5","2","6","1",NA,NA,NA
"1","7","1","6","5","2","3","1",NA,"1","3"
NA,"6","1","3","5","2",NA,"1",NA,NA,"4"
NA,"5",NA,"8","5","3",NA,"1","12","1",NA
NA,"1","3","5","5","2",NA,"1","3","3",NA
NA,"3","2","4","5","2",NA,"1",NA,NA,NA
NA,"7","3","6","5","1",NA,"1",NA,"3","11"
NA,"3","3","7","5","2",NA,"1",NA,"3",NA
NA,"2",NA,"10","5","3","6","1","8",NA,NA
NA,"7",NA,"6","5","4",NA,"1","15","1",NA
"2","1","1","3","5","1",NA,"1",NA,NA,NA
"2","2","1","5","5","1","3","1",NA,NA,NA
NA,"3",NA,"11","5","2","6","1",NA,NA,NA
"3","2","3","5","4","2",NA,"1","4","3",NA
NA,"6",NA,"7","5","2","3","1",NA,NA,"3"
"3","5","3","6","5","2","3","1",NA,"3",NA
NA,"4","4","5","5","2",NA,"1",NA,"3","3"
NA,"4",NA,"7","2","2","2","1",NA,"3","7"
NA,"4","3","4","5","2","3","1","6",NA,"5"
"3","6",NA,"7","5","3",NA,"1","11",NA,"3"
"5","2","2","6","5","2",NA,"1","7",NA,NA
"2","7",NA,"8","5","2","3","1",NA,NA,"4"
"4","6",NA,"6","5","3",NA,"1","11","3","7"
"3","4",NA,"6","5","2",NA,"1","4",NA,"3"
NA,"4","4","7","5","2","3","1","4","3","5"
NA,"2","3","5","4","1","5","1",NA,"3",NA
"3","2",NA,"8","5","3","2","1","6",NA,NA
"2","1","1","2","5","2",NA,"1","6","3",NA
"3","4",NA,"10","5","2","5","1",NA,"3",NA
"3","4","4","6","5","2","3","1","4",NA,NA
NA,"7","2","8","5","2",NA,"1",NA,NA,"7"
"4","6",NA,"6","4","2",NA,"1",NA,NA,"3"
"3","6",NA,"7","5","3","3","1","12","2","3"
"2","5","1","5","5","2",NA,"1","10",NA,"6"
"4","3","2","7","5","2","3","1",NA,"3",NA
NA,"3","4","7","5","2","6","1","6","2",NA
"3","3",NA,"5","2","2","2","1","5",NA,"3"
NA,"7","2","6","5","2","3","1",NA,NA,"5"
"4","4",NA,"6","5","3","3","1","9",NA,NA
NA,"7",NA,"10","5","2",NA,"1",NA,"1","4"
NA,"5",NA,"8","5","2","6","1",NA,"3","6"
NA,"7",NA,"14","5","2","4","1",NA,NA,"5"
"2","6","1","1","5","1",NA,"1",NA,"1","4"
"2","6","2","2","5","3",NA,"1","10","3","10"
NA,"6","1","5","5","2",NA,"1","9","3","13"
"2","5",NA,"6","5","4","6","1","11","2",NA
NA,"5","2","5","5","1",NA,"1",NA,"3","6"
"2","7","1","9","5","2","6","1",NA,"3","10"
NA,"4","4","6","5","2","3","1",NA,"3",NA
NA,"5","1","4","3","1","5","1",NA,"1","3"
"3","7","2","6","5","2","3","1",NA,"1","3"
NA,"7",NA,"10","5","2","5","1",NA,"1","3"
"2","6","1","6","5","1","5","1",NA,"3","6"
"2","5",NA,"5","5","3",NA,"1","10","3","3"
NA,"5",NA,"6","5","4","3","2","10",NA,NA
"3","3","4","4","5","2",NA,"1","6",NA,NA
"2","3","5","8","5","2","3","1",NA,NA,NA
"4","7",NA,"10","5","2","2","1",NA,"3","4"
"2","7",NA,"4","5","3",NA,"1",NA,NA,"12"
"3","6",NA,"7","5","2",NA,"1",NA,NA,"3"
NA,"4",NA,"8","5","3",NA,"1","12","3",NA
NA,"3",NA,"7","3","3","3","1","7","3",NA
NA,"4","1","6","5","1",NA,"1",NA,NA,"5"
"3","3",NA,"5","4","3",NA,"1","5",NA,NA
"2","3",NA,"5","5","3",NA,"1","8",NA,NA
NA,"7","1","1","5","2",NA,"2","10",NA,NA
"3","6",NA,"8","5","2","3","1",NA,"3","11"
"3","2","3","6","5","1","3","1",NA,NA,"4"
"5","5","4","9","5","2","3","1",NA,"3","3"
NA,"3",NA,"12","5","3","3","1","7",NA,NA
NA,"4",NA,"4","3","4","3","1","10",NA,NA
"2","5","1","4","5","1",NA,"1",NA,NA,"5"
NA,"4","3","3","5","2",NA,"1","7",NA,NA
NA,"2",NA,"5","5","3","3","1","7","3",NA
"2","2","2","3","5","2",NA,"1","8","3",NA
NA,"7",NA,"8","5","2",NA,"1",NA,"1","1"
"2","7","3","6","5","2",NA,"1",NA,NA,"4"
"3","4","3","6","5","2",NA,"1",NA,NA,NA
"3","3","4","4","5","2",NA,"1","4","1",NA
"3","5",NA,"9","4","2","6","1",NA,"2","4"
NA,"1",NA,"6","5","3","3","1","4",NA,NA
NA,"5",NA,"5","5","3",NA,"1","10",NA,"10"
"3","5",NA,"8","5","3","3","1",NA,"3",NA
NA,"3",NA,"5","5","4",NA,"1","8",NA,NA
NA,"4",NA,"5","4","2","4","1",NA,NA,"2"
NA,"4",NA,"4","5","4",NA,"1","9","3",NA
"3","7","2","5","5","2",NA,"1",NA,NA,"3"
"3","2",NA,"10","5","2","6","1","4","3",NA
"2","6","1","6","5","1",NA,"1",NA,NA,"4"
NA,"2",NA,"7","4","2","6","1","4",NA,NA
NA,"3","2","4","5","2",NA,"1","15","1",NA
"3","7","2","6","5","2",NA,"1",NA,"1","4"
NA,"4","3","4","5","1",NA,"1",NA,"3",NA
"2","5",NA,"6","3","2","3","1",NA,NA,"3"
"2","7","3","6","5","2",NA,"1",NA,"1","2"
NA,"5",NA,"6","5","3","4","1","7","3","5"
"2","6","1","5","5","1",NA,"1",NA,"1","4"
"3","1",NA,"4","5","3","3","1","10","3",NA
NA,"2","4","6","5","1","3","1","8","3",NA
NA,"7",NA,"5","5","3","2","1","10","1","3"
NA,"2",NA,"9","5","4","3","1","9","3",NA
"3","4",NA,"5","5","2","3","1","12","1","3"
NA,"7","2","7","5","2",NA,"1",NA,"3","4"
"2","7",NA,"8","5","2","4","1",NA,NA,"4"
"1","4",NA,"6","5","4","3","1","10",NA,NA
"4","4",NA,"10","5","3","6","1","8",NA,NA
"2","6","2","5","5","2",NA,"1","9",NA,"4"
"1","7",NA,"9","5","2","3","1",NA,NA,"4"
"3","4","4","6","5","2","5","1","5","3","3"
"1","1","2","3","5","2","5","1","3",NA,NA
"3","3",NA,"6","5","2",NA,"1","4",NA,"9"
"2","7",NA,"5","5","3",NA,"1","15",NA,"3"
NA,"6","1","6","5","2","5","1",NA,"1","13"
"3","5","2","8","5","2","6","1",NA,"3","13"
"4","5","2","6","5","1",NA,"1",NA,NA,"4"
NA,"3",NA,"2","3","2",NA,"1","4","3",NA
"3","5",NA,"8","5","3","3","1","12","1","3"
"5","1",NA,"3","5","3",NA,"1","5","3",NA
"3","4","2","5","5","2","3","1",NA,"3",NA
NA,"2","3","5","4","2","5","1","6","3",NA
NA,"1",NA,"7","5","2","5","1","3",NA,NA
"2","4",NA,"6","5","4","3","1","14","1",NA
"3","5","1","5","5","2",NA,"1","14","1","13"
"2","2","2","7","5","1",NA,"1",NA,"3",NA
"3","4","6","8","5","2","6","1",NA,"3",NA
NA,"3",NA,"9","5","2","6","1","6",NA,NA
"3","1",NA,"3","4","3",NA,"1","4",NA,NA
NA,"2","1","4","5","3","3","1","12","3",NA
"3","1","2","4","5","2",NA,"1","2","3",NA
NA,"2","2","6","5","2",NA,"1","3","3",NA
NA,"6","1","4","4","2",NA,"1",NA,NA,"7"
NA,"1","5","5","5","2",NA,"1","2","3",NA
"2","1","2","3","3","1","6","1","3","3",NA
"3","1","2","10","5","2","6","1","4","3",NA
"2","1","3","5","5","1","3","1",NA,"3",NA
NA,"2","3","5","5","2",NA,"1","4","3",NA
"3","5",NA,"6","5","3","3","1","11","1",NA
NA,"6","2","7","5","1","2","1",NA,NA,"4"
"4","6","3","6","5","1","3","1",NA,"3","3"
NA,"7","1","5","5","1","3","1",NA,NA,"3"
NA,"6","2","5","5","2",NA,"1",NA,NA,"4"
"4","5",NA,"16","5","3","6","1","12","1",NA
NA,"6",NA,"8","5","2","5","1",NA,NA,"4"
NA,"4","1","5","5","3",NA,"1","10",NA,NA
"4","1","3","6","4","1",NA,"1","3","3",NA
"2","7","1","6","5","2",NA,"1","13","1","3"
"4","3","2","5","5","2","4","1","9","3",NA
"3","1","3","5","5","2","3","1","4",NA,NA
NA,"5",NA,"5","5","3",NA,"1","13","1",NA
"2","5","4","5","5","2",NA,"1",NA,"3",NA
NA,"7","3","6","5","2",NA,"1",NA,"1","6"
NA,"7",NA,"6","5","2",NA,"1",NA,"1","5"
NA,"2","1","4","4","1","5","1",NA,"3","6"
"3","4","2","6","5","2","7","1","12","3","7"
"2","3","3","5","4","2","6","1","5",NA,NA
NA,"6","6","6","5","2",NA,"1","10","3","6"
"3","6","2","7","5","2","3","1",NA,"3","3"
NA,"6",NA,"7","5","2",NA,"1",NA,NA,"6"
"3","1","4","6","5","2","3","1","4","3",NA
"3","6",NA,"7","5","2",NA,"1",NA,"1","3"
NA,"4","4","6","5","2",NA,"1",NA,"3","6"
"2","5","2","4","5","2",NA,"1",NA,"3","5"
NA,"6",NA,"7","4","2","3","1",NA,"3","4"
"2","4",NA,"9","5","4","3","1","10",NA,NA
NA,"4","1","4","5","2",NA,"1",NA,NA,NA
NA,"6","2","7","5","2","5","1",NA,"3","9"
"3","4","1","4","2","1",NA,"1",NA,"3","3"
NA,"5","4","6","5","2",NA,"1",NA,NA,"3"
"3","3","2","5","5","2",NA,"1","4","1","2"
"3","7","1","7","5","2",NA,"1",NA,"1","7"
NA,"6","2","4","5","2","3","1",NA,NA,"6"
NA,"6","3","6","5","2","4","1",NA,"3","7"
NA,"6","4","7","5","2","5","1",NA,"3","5"
NA,"3",NA,"12","4","2","6","1",NA,"3",NA
NA,"4",NA,"4","5","3",NA,"1","7",NA,NA
"2","1","2","4","4","1",NA,"1","2","3","3"
"3","6","2","5","5","2",NA,"1",NA,NA,"2"
NA,"7",NA,"7","5","2","4","1",NA,"1","6"
NA,"5","3","6","5","2","3","1","6","3","4"
"2","4",NA,"3","5","4",NA,"1","12",NA,NA
NA,"7","4","5","5","2",NA,"1","10",NA,"4"
"6","5",NA,"12","5","2","6","1","7",NA,"8"
NA,"5",NA,"6","5","3",NA,"1","11",NA,"6"
"1","7",NA,"8","5","2","3","1",NA,"1","4"
NA,"2",NA,"2","5","3",NA,"1","17",NA,NA
NA,"3",NA,"7","5","4",NA,"1","7",NA,NA
"4","6",NA,"7","5","2",NA,"1",NA,NA,NA
"3","7","2","6","4","2",NA,"1",NA,"1","5"
"3","4","2","7","5","2",NA,"1",NA,"3","5"
NA,"4",NA,"6","4","2","6","1",NA,"3","6"
NA,"7","1","6","5","2",NA,"1",NA,"1","3"
"3","1","1","5","5","1","2","1","5",NA,NA
"3","3",NA,"18","5","2","5","1",NA,"3",NA
NA,"4","2","1","5","2",NA,"1","5","3","6"
"2","3","3","3","4","2",NA,"1","4",NA,"4"
NA,"4",NA,"5","1","2","1","1",NA,"3","3"
"4","5","3","6","5","2","3","1","8","3","4"
"2","1","4","3","2","1","3","1","6",NA,NA
"2","7",NA,"7","5","2",NA,"1",NA,"3","6"
"1","1",NA,"4","2","2",NA,"1","5","3",NA
NA,"7","2","7","5","2","6","1",NA,"1","3"
"3","4","2","7","5","2","6","1",NA,"3","5"
"3","2",NA,"17","5","2","5","1",NA,NA,NA
"2","7","1","10","5","1","3","1",NA,NA,"4"
"1","1","1","5","5","1","3","1","14","1",NA
"1","5","4","3","5","2",NA,"1","6",NA,"3"
"3","6","2","9","5","2","3","1",NA,"1","2"
"3","4","4","7","5","2","6","1","5",NA,"6"
"2","1",NA,"8","4","2","1","1","13","1",NA
"2","3","2","4","5","1","3","1",NA,NA,NA
NA,"4","1","4","5","2","2","1","15",NA,"3"
NA,"3",NA,"9","5","2","5","1",NA,NA,NA
NA,"3",NA,"6","5","3",NA,"1","8",NA,NA
NA,"5","4","5","5","2","6","1","6","3","4"
"3","4","2","5","5","2","3","1","12",NA,NA
"1","6","1","5","5","2",NA,"1",NA,"3","4"
"2","1","1","7","5","1","3","1",NA,"3",NA
"2","7",NA,"9","5","2","6","1",NA,"3","4"
NA,"4","3","4","3","1",NA,"1",NA,NA,"4"
"3","4",NA,"5","2","2","2","1",NA,NA,"6"
"3","4","4","7","5","2",NA,"1","5","3","7"
"2","3",NA,"4","5","3",NA,"1","5",NA,NA
NA,"2","2","4","5","1","5","1",NA,NA,NA
"4","7",NA,"7","5","3",NA,"1","13","1","13"
"3","6","1","8","5","2","5","1",NA,NA,"8"
"2","6",NA,"6","5","3",NA,"1","10","2",NA
NA,"5","3","4","5","2","3","1",NA,"3","4"
NA,"7","2","5","5","2","6","1",NA,NA,"6"
"3","4","2","5","5","1","3","1",NA,"3","7"
NA,"3","1","1","5","1",NA,"1",NA,"1","2"
NA,"5","4","5","5","2",NA,"1",NA,"3","5"
NA,"4","1","3","5","2",NA,"1","9",NA,NA
"1","3","1","4","5","2",NA,"1","11","1",NA
"2","5","1","5","5","2",NA,"1",NA,"2","4"
"5","1",NA,"9","5","2","5","1","7","3",NA
NA,"5","4","6","5","1",NA,"1",NA,NA,"3"
"3","4","2","7","5","1","4","1",NA,NA,NA
"1","5","5","1","3","1",NA,"1",NA,"3","3"
NA,"3","2","8","5","1","3","1",NA,"3",NA
"2","5",NA,"6","5","3",NA,"1","10","3",NA
"2","5","1","5","5","2",NA,"1",NA,NA,"4"
"3","6",NA,"11","5","2","3","1",NA,"1","3"
NA,"4",NA,"6","5","4","2","1","11",NA,NA
NA,"5","1","4","5","1","4","1",NA,NA,"4"
NA,"6","1","5","5","1",NA,"1",NA,NA,"3"
NA,"4","4","4","4","2","4","1","6","3","3"
NA,"7","2","10","5","1","3","1",NA,"3","4"
"3","4","4","6","5","2","5","1",NA,"3","4"
NA,"5","1","5","5","1",NA,"1",NA,NA,"6"
NA,"6","2","4","5","2",NA,"1",NA,"3","5"
NA,"4","3","5","5","2",NA,"1","4","3","7"
"3","5","2","7","5","2",NA,"1",NA,"3","4"
"6","5",NA,"10","5","2","3","1","6",NA,"4"
NA,"2","1","3","5","2",NA,"1","12",NA,NA
NA,"4","1","4","5","2",NA,"1","11","3",NA
NA,"4",NA,"6","3","1","3","1",NA,"3","3"
"2","7",NA,"7","5","2","3","1",NA,"3","7"
"2","2","1","4","5","3","3","1","15","1",NA
"2","4","1","6","5","2","5","1",NA,"3",NA
NA,"5",NA,"16","5","2","5","1",NA,"3","8"
"4","7",NA,"8","5","2",NA,"1",NA,"1","4"
"4","2","3","6","5","2","4","1","9","3",NA
"3","6",NA,"9","5","2","5","1",NA,"3","5"
"2","5","3","5","5","2",NA,"1",NA,"3","4"
"5","4",NA,"6","2","2","2","1","5","3","3"
NA,"5",NA,"8","5","3","3","1","10","3","4"
NA,"3",NA,"12","5","3","3","1","7","3",NA
NA,"4",NA,"8","5","2",NA,"1","4",NA,NA
"2","3",NA,"3","5","3","3","1","12",NA,NA
"2","5",NA,"8","5","3","3","1","7",NA,"4"
"3","3","2","6","5","2",NA,"1",NA,NA,NA
"3","2","2","5","5","2","2","1","13","3",NA
NA,"3","5","5","5","2","4","1",NA,NA,NA
"5","5",NA,"8","5","3",NA,"1","10","3",NA
NA,"6","2","5","5","3",NA,"1","8",NA,NA
NA,"3",NA,"12","5","2","3","1",NA,"3",NA
"4","3",NA,"8","5","4","5","1","10","2",NA
"6","5",NA,"14","5","2","6","1",NA,NA,"7"
"3","7",NA,"9","5","3","3","1",NA,"1","5"
"7","5","4","8","5","2","3","1","8","3",NA
NA,"3","1","6","5","2","5","1","12","3",NA
"3","2","2","8","5","2","6","1","9",NA,NA
"4","6",NA,"6","5","2",NA,"1",NA,NA,"3"
NA,"7","2","4","5","2",NA,"1",NA,"1","2"
NA,"7","1","11","5","1",NA,"1",NA,"3","8"
NA,"3","1","5","5","1","6","1",NA,"3",NA
NA,"7","1","4","5","2",NA,"1","14","3","4"
"1","2","1","3","5","1",NA,"1","10","3",NA
NA,"7","3","9","5","2","3","1",NA,"3","5"
NA,"6",NA,"11","5","2","5","1",NA,NA,"6"
"4","5",NA,"8","4","2","5","1","7",NA,"11"
NA,"3",NA,"9","5","2","5","1",NA,"3",NA
NA,"7",NA,"5","5","3",NA,"1","13","2","3"
"3","4",NA,"17","5","2","6","1",NA,"3",NA
NA,"7",NA,"7","5","3","3","1",NA,"1","4"
"3","5","1","6","5","1","3","1",NA,"3","4"
"2","1","1","6","5","1","5","1","4","3",NA
NA,"6","2","6","5","1",NA,"1",NA,NA,"4"
NA,"5",NA,"9","4","2","7","1",NA,NA,"9"
NA,"4",NA,"6","3","2","5","1","7","2","2"
"4","5","2","7","5","2","4","1","9",NA,"5"
"4","4","4","6","5","2","5","1",NA,NA,NA
"2","6","2","7","5","1",NA,"1",NA,"3","3"
NA,"7","2","5","5","2",NA,"1",NA,NA,"3"
NA,"5","1","3","5","1",NA,"1",NA,NA,"2"
"2","7","3","5","5","2","2","1",NA,"1","4"
"1","5","3","6","5","2",NA,"1",NA,"1","3"
NA,"6","4","5","5","2",NA,"1",NA,"3","7"
"3","6","2","5","5","2",NA,"1",NA,"3","4"
NA,"4",NA,"2","2","1",NA,"1",NA,"1","2"
"3","7","2","8","5","2","2","1",NA,NA,"3"
"2","3","2","4","5","3",NA,"1","11",NA,NA
"1","1","1","6","5","2","3","1","9","1",NA
"2","1","2","4","4","2","5","1","2",NA,NA
NA,"2","1","3","5","1",NA,"1","2",NA,NA
"1","7","2","5","5","1",NA,"1",NA,"1","5"
"2","3","1","5","5","1",NA,"1",NA,"1",NA
NA,"1","2","3","4","2","5","1","2",NA,NA
"4","4",NA,"8","4","3","3","2","6","3",NA
"2","4","3","6","3","2","3","1","8","3","7"
NA,"4","1","4","5","2",NA,"1","14","1",NA
NA,"4",NA,"8","5","2","3","1",NA,"1",NA
NA,"5","2","6","5","2","3","1",NA,"1","4"
"4","5",NA,"16","5","3","6","1",NA,NA,"5"
"2","5","1","6","5","2",NA,"1","11",NA,"3"
NA,"1","3","7","5","1","5","2",NA,"3",NA
"3","3","2","5","5","2",NA,"1","5","3","4"
"3","4","1","6","5","1",NA,"1",NA,NA,"5"
NA,"3",NA,"12","5","2","6","1","8","2",NA
"3","4",NA,"6","5","2","5","1",NA,"3","5"
"1","3",NA,"5","3","2","6","1",NA,"3",NA
"2","5","2","4","5","1",NA,"1",NA,"3","4"
"3","4","2","4","5","2",NA,"1","6","3","5"
"3","4","3","1","3","2",NA,"1","4","3","5"
NA,"3","2","7","5","2","3","1","4","3",NA
NA,"1","1","4","5","1",NA,"1","3","3",NA
"2","5","1","6","5","1",NA,"1",NA,NA,"3"
"2","4",NA,"6","5","4","3","1","12",NA,NA
NA,"5","1","4","5","2",NA,"1",NA,"3","6"
"4","7","2","5","5","2",NA,"1","16",NA,"3"
"5","5",NA,"8","5","2","5","1",NA,NA,"10"
NA,"6",NA,"12","5","2","3","1",NA,"3","4"
"2","7",NA,"9","5","2","6","1",NA,"1","6"
NA,"2",NA,"5","5","3","3","1","14",NA,NA
"2","3",NA,"5","3","2","5","1","4",NA,"2"
"2","5","5","6","5","2","3","1","5","3",NA
"2","1","1","2","5","1",NA,"1",NA,"3",NA
NA,"5","3","5","5","2","3","1","9","1","3"
"3","5","2","5","5","2",NA,"1","7","3","4"
"3","5",NA,"12","5","2","5","1","8","3","4"
"2","5","1","5","5","1","3","1",NA,NA,"3"
NA,"1",NA,"8","5","2","6","1","4","3",NA
NA,"6",NA,"6","5","3","3","1","15","1","8"
NA,"7",NA,"6","5","2",NA,"1",NA,NA,"3"
NA,"2",NA,"13","5","2","6","1",NA,"3",NA
NA,"4","2","5","5","2",NA,"1",NA,"1",NA
"3","3",NA,"8","5","3","3","1","7","3",NA
NA,"2","3","3","4","1","3","1","4",NA,NA
NA,"3",NA,"8","5","2","7","1",NA,NA,NA
"4","5",NA,"12","5","3","6","1","9","3","12"
NA,"7",NA,"10","5","2","3","1",NA,"2","4"
"3","5","4","8","5","2","3","1",NA,"3","6"
NA,"6","1","5","5","2",NA,"1","13","1","3"
NA,"5",NA,"8","5","3","3","1","9",NA,"6"
NA,"3",NA,"8","5","2","5","1","6",NA,"4"
NA,"1","1","2","5","1","3","1","4",NA,NA
"1","4","1","3","4","2",NA,"1","14","1",NA
NA,"6","1","5","5","1",NA,"1",NA,NA,"3"
"7","3","4","9","5","2","3","1","6",NA,NA
NA,"3","2","5","4","2","5","1","12",NA,NA
NA,"5",NA,"6","3","3",NA,"1","8",NA,"3"
"1","4","1","1","5","2",NA,"1","14","1",NA
"5","6","2","6","5","2",NA,"1",NA,"2","2"
NA,"3","1","9","5","1","5","1",NA,NA,"5"
"3","5",NA,"5","1","2","2","1","5","3","5"
"2","4","2","5","5","2","3","1","15",NA,"3"
"3","4","3","7","5","2",NA,"1","7",NA,NA
NA,"1",NA,"8","5","2","5","1","5","3",NA
"2","5","1","5","5","2",NA,"1",NA,"1","4"
NA,"7","2","6","5","2",NA,"1",NA,"1","4"
NA,"1","1","3","4","1",NA,"1","5",NA,NA
"2","1","4","7","4","2","6","1","5",NA,NA
"3","3","5","10","5","2","5","1","5","3",NA
NA,"5",NA,"8","5","4","5","1","14","1",NA
"1","7","1","6","5","1",NA,"1",NA,"1","3"
NA,"6",NA,"7","5","3",NA,"1","12",NA,"5"
"2","1","1","9","5","2","3","1","11",NA,NA
NA,"3",NA,"2","1","2",NA,"1","12",NA,"3"
"3","2","2","4","5","1",NA,"1",NA,NA,NA
NA,"4","1","5","5","1",NA,"1",NA,"1","4"
NA,"6","1","7","5","2",NA,"1",NA,"1","2"
"2","2","1","3","5","1","3","1","10","1","3"
"2","3","1","1","4","1",NA,"1","2","3","3"
"3","3",NA,"6","5","2","5","1","14",NA,NA
"4","7","2","5","5","2",NA,"1",NA,"1","3"
NA,"5",NA,"5","3","2","3","1",NA,NA,"4"
"3","6","2","7","5","2","5","1","12","1","5"
NA,"5","5","8","5","2","6","1",NA,NA,"4"
"2","5",NA,"5","5","2",NA,"1","11","2","6"
"3","1","4","3","5","2","3","1","6","3",NA
NA,"1",NA,"4","5","4",NA,"1","11",NA,NA
"2","5",NA,"6","5","3",NA,"1","10",NA,"3"
NA,"5","2","4","5","2",NA,"1","8","3","6"
NA,"4","1","4","5","1",NA,"1",NA,"3","6"
NA,"1",NA,"3","5","3","3","1","10","3",NA
NA,"7",NA,"6","5","4","3","1","11","2","3"
"5","3","2","6","5","2",NA,"1","8","3",NA
"2","6","2","4","5","2",NA,"1",NA,NA,"3"
"4","5",NA,"7","5","3",NA,"1","6",NA,"4"
NA,"5",NA,"5","5","4","3","1","11","3",NA
NA,"5","2","4","5","2",NA,"1",NA,NA,"5"
"3","3","2","5","5","1",NA,"1",NA,"3","4"
"1","3",NA,"10","5","2","3","1","13","1",NA
"3","5",NA,"7","5","3","3","1","8","3","8"
NA,"6","2","5","5","2",NA,"1","9",NA,"5"
NA,"6","1","3","5","2",NA,"1","11","2","3"
NA,"1","2","4","4","1","3","1",NA,NA,NA
NA,"5",NA,"4","5","3",NA,"1","11","1",NA
NA,"6",NA,"6","5","3",NA,"1","11",NA,NA
"4","5",NA,"13","5","2","3","1",NA,NA,NA
NA,"7",NA,"4","5","4",NA,"1","11",NA,"3"
"3","5","2","5","5","3",NA,"1","7",NA,NA
"3","6",NA,"8","5","3",NA,"1",NA,"1",NA
"2","5",NA,"4","5","2",NA,"1","9","3","11"
"4","7",NA,"6","5","3",NA,"1",NA,NA,"4"
NA,"2","1","5","5","1","5","1",NA,"3",NA
"3","3","2","5","5","2",NA,"1","9","3",NA
"2","3","1","3","5","1",NA,"1",NA,"3",NA
NA,"1",NA,"6","4","2","5","1","3","3","5"
"3","5",NA,"9","5","3",NA,"1",NA,"3",NA
"5","7","2","5","5","2",NA,"1",NA,"1","3"
"2","3","1","4","5","2",NA,"1","5",NA,"6"
NA,"6",NA,"8","3","2","3","1",NA,NA,"4"
NA,"4",NA,"7","5","4","3","1","12","3",NA
"4","4",NA,"8","5","4","3","1","12","3",NA
"3","3","2","4","5","1","3","1",NA,"3","5"
NA,"7",NA,"11","5","2","3","1",NA,NA,"5"
NA,"7","3","5","5","2",NA,"1",NA,NA,"3"
NA,"5","4","10","5","2","3","1",NA,NA,"10"
"3","1",NA,"12","5","2","5","1",NA,NA,NA
NA,"1",NA,"5","5","3",NA,"1","13","1",NA
"4","5",NA,"8","5","2",NA,"1","8",NA,"4"
NA,"3","1","4","5","1","3","1",NA,"3",NA
"3","4",NA,"7","5","2","7","1","6",NA,NA
"2","1",NA,"6","5","3",NA,"2","16","1",NA
"2","7","2","6","5","2",NA,"1",NA,NA,"3"
"5","3","2","6","5","2","5","1",NA,"3",NA
"2","4",NA,"6","3","2","3","1",NA,"2","2"
"3","4","2","4","4","2",NA,"1","8","3","3"
"4","5",NA,"7","3","3","2","1","7","3",NA
"3","1","2","4","5","2",NA,"1","5",NA,NA
"3","4","2","4","5","3",NA,"1","8",NA,NA
NA,"5",NA,"5","5","4",NA,"1","10",NA,"4"
"7","1","5","4","5","3","5","1","6","3",NA
NA,"3",NA,"6","3","2",NA,"1","3",NA,"3"
"5","2","3","5","5","2",NA,"1","13","2",NA
"2","6","1","5","5","2",NA,"1",NA,NA,"4"
NA,"7",NA,"8","5","3",NA,"1",NA,"1","6"
"2","4","1","5","5","1",NA,"1",NA,"3","7"
NA,"4",NA,"10","5","2","4","1","6","3","3"
NA,"6",NA,"7","5","2","3","1",NA,"1","5"
"3","6",NA,"10","5","2","3","1",NA,"3","4"
"2","7",NA,"5","3","2",NA,"1",NA,"3","4"
NA,"7","1","5","5","2",NA,"1","12",NA,"3"
NA,"1","3","7","5","2","5","1","6","3",NA
"2","5",NA,"10","5","2","3","1",NA,"3","9"
NA,"7","3","6","5","2",NA,"1",NA,"1","5"
"4","6","1","5","5","2","3","1",NA,"3","5"
NA,"1",NA,"6","5","4","3","1","12",NA,NA
"2","5","1","6","5","2","5","1","13",NA,"4"
NA,"3","7","7","5","1","2","1",NA,NA,"4"
NA,"5",NA,"6","5","4",NA,"1","10","1",NA
NA,"2","3","7","5","2","7","1","12","2",NA
"4","5",NA,"3","5","3",NA,"1","7",NA,NA
NA,"5",NA,"5","5","4","3","1","6",NA,NA
"2","6",NA,"6","5","4","3","1","10","3","4"
NA,"4","1","4","5","1","4","1",NA,NA,"6"
"3","6",NA,"9","5","3","5","1","10","1","3"
NA,"7",NA,"7","5","4",NA,"1","12","2","6"
"3","4",NA,"10","5","2","5","1",NA,"3","8"
"2","1","1","4","5","1","5","1",NA,"3",NA
NA,"2","1","4","5","1","2","1",NA,"3",NA
NA,"1",NA,"6","5","2","3","1","2","3",NA
NA,"3",NA,"7","5","4","3","1","6","3",NA
"3","5","3","6","5","2",NA,"1","8","3","3"
NA,"2","4","6","5","2","5","1","7",NA,"7"
NA,"5","4","6","5","1",NA,"1",NA,"3","4"
NA,"4","2","4","5","2",NA,"1",NA,NA,NA
NA,"3",NA,"11","5","2","4","1",NA,NA,"8"
NA,"5","1","6","5","1","6","1","9","1","5"
NA,"7","1","5","4","2",NA,"1",NA,"2","3"
NA,"5",NA,"8","5","2",NA,"1",NA,"3",NA
NA,"6","2","8","5","2","3","1",NA,NA,NA
"2","5",NA,"5","4","3",NA,"1","14",NA,NA
NA,"3","4","3","4","2",NA,"1",NA,NA,NA
"2","3",NA,"4","5","3",NA,"1","12","1",NA
NA,"4",NA,"8","5","2","3","1",NA,NA,NA
"3","7","1","2","5","2",NA,"1",NA,NA,"4"
NA,"1","3","6","5","1","3","1",NA,"3",NA
"2","7",NA,"6","5","4",NA,"1","12","1",NA
NA,"4","1","7","5","1","5","1",NA,"3","7"
"5","7",NA,"6","2","2","2","1",NA,"1","4"
"2","7",NA,"5","5","4",NA,"1","14","1","4"
"2","4","2","3","3","2",NA,"1","9","3","5"
"4","4","5","7","5","2","5","1",NA,"3",NA
NA,"6",NA,"6","5","3","6","1",NA,"1","5"
"2","6","2","6","5","1","3","1",NA,NA,"3"
NA,"5",NA,"4","1","2","1","1",NA,NA,"3"
"4","4","3","5","5","2","5","1","6","3",NA
"4","5",NA,"10","5","2","2","1",NA,NA,"3"
NA,"3","2","6","5","1",NA,"1",NA,NA,NA
"5","4",NA,"6","5","3","6","1","5",NA,"5"
"5","5","3","6","5","2","5","1","5","3","5"
NA,"5",NA,"5","5","3",NA,"1","13","2",NA
NA,"5",NA,"7","5","2",NA,"1",NA,NA,"5"
NA,"3","4","4","4","1",NA,"1",NA,"3","4"
NA,"3","4","5","4","2","5","1","4",NA,NA
"4","3","5","8","5","2","3","1","12","3",NA
NA,"5","3","9","5","2","4","1",NA,NA,"6"
"2","4","1","3","5","3",NA,"1","8","1","3"
NA,"5","5","5","5","2",NA,"1",NA,NA,"5"
"2","7","1","6","5","2",NA,"1",NA,"1","2"
"3","2",NA,"10","4","2","6","1","5",NA,NA
"3","2","2","2","5","2",NA,"1","2","3",NA
NA,"6","2","7","5","2",NA,"1",NA,NA,"5"
"3","2","2","7","5","1","3","1",NA,NA,NA
"3","4",NA,"7","5","3","6","1",NA,"3",NA
NA,"7",NA,"7","5","2",NA,"1",NA,NA,"3"
"3","3","4","7","5","2",NA,"1","7","3",NA
"3","2","4","5","5","1",NA,"1",NA,NA,NA
"4","5","2","6","5","2","3","1",NA,"3","4"
"4","7",NA,"5","5","3",NA,"1","12",NA,"3"
"3","7",NA,"6","5","2",NA,"1",NA,"3","7"
NA,"5",NA,"9","5","2","3","1",NA,NA,"6"
NA,"6","2","6","5","2","6","1","8","3","6"
NA,"5","2","5","5","2","3","1",NA,NA,"4"
NA,"7",NA,"10","5","3","3","1",NA,"3","5"
"4","6",NA,"7","5","2","3","1",NA,"2","2"
"1","3","1","1","5","1",NA,"1",NA,"3",NA
"2","3","3","5","5","2","4","1",NA,"3","6"
"4","7",NA,"8","5","2","3","1",NA,"3","5"
"2","1","4","2","5","1","5","1",NA,"3",NA
NA,"3",NA,"4","4","3",NA,"1","8","3",NA
"2","1",NA,"5","4","3","3","1","9","3",NA
"3","2","2","4","5","2","3","1","6",NA,NA
"2","3","1","2","5","1",NA,"1",NA,"3",NA
NA,"6","2","7","5","2","3","1",NA,NA,"2"
"2","4","5","5","5","2",NA,"1","4",NA,"3"
"3","4",NA,"5","3","2",NA,"1",NA,"3","4"
"2","6","1","3","5","2",NA,"1","10","3","3"
NA,"6","2","7","5","2","3","1",NA,NA,"7"
NA,"4","2","8","5","2",NA,"1","8","3",NA
NA,"3","3","9","5","2","5","1","6",NA,NA
NA,"5",NA,"8","5","2","6","1","11",NA,"8"
"3","1",NA,"6","5","2","5","1","9","3",NA
"4","4",NA,"8","5","3","3","1","6",NA,NA
NA,"5","1","6","5","2",NA,"1",NA,NA,NA
"3","1","1","4","5","2","5","1","6","3",NA
NA,"2","1","3","5","1",NA,"1",NA,"3",NA
NA,"5","1","8","5","2","6","1",NA,"1",NA
NA,"6",NA,"11","5","2","5","1",NA,NA,"6"
"2","2","1","5","5","3","3","1","7","3",NA
"3","6","2","5","5","2",NA,"1",NA,"3","7"
NA,"4",NA,"6","5","3","5","1","7",NA,NA
"3","5",NA,"5","5","4",NA,"1","12",NA,NA
NA,"5","3","5","5","2",NA,"1",NA,NA,"2"
"4","5",NA,"11","5","2","5","1",NA,"3","13"
NA,"6",NA,"9","5","2","5","1",NA,NA,"8"
NA,"4",NA,"13","5","2",NA,"1",NA,"3",NA
NA,"5","1","4","5","2","3","1",NA,NA,"3"
NA,"2","1","4","5","2",NA,"1","12",NA,NA
"2","4","1","4","5","2",NA,"1","10",NA,"4"
"2","5",NA,"6","5","3","3","1","12","1",NA
NA,"3","6","4","5","2",NA,"1","4",NA,NA
"4","3","3","7","5","2","5","1","8","3","9"
NA,"6",NA,"8","5","2",NA,"1",NA,"3","6"
"2","4","1","5","5","1",NA,"1",NA,"1","2"
"7","5",NA,"13","5","2","3","1",NA,NA,"8"
"4","6",NA,"4","5","3",NA,"1","9","3","5"
NA,"7",NA,"8","5","3",NA,"1","13",NA,"7"
"3","7",NA,"10","5","2","6","1",NA,NA,"11"
"3","6",NA,"8","5","3","3","1","12",NA,"3"
"2","3","2","8","5","2",NA,"1",NA,"2","6"
"3","6",NA,"5","5","3",NA,"1","12",NA,"3"
"1","3","2","3","5","2",NA,"1","4",NA,NA
"5","5",NA,"13","5","2","4","1",NA,"3","7"
NA,"7","2","7","5","2",NA,"1",NA,NA,"13"
NA,"4","2","6","5","2",NA,"1",NA,NA,NA
"5","6","3","6","5","2","3","1",NA,"3","5"
NA,"5",NA,"12","5","2","5","1",NA,"3","3"
"2","7",NA,"7","5","2",NA,"1",NA,NA,"9"
NA,"4",NA,"10","5","3","5","1","11","2",NA
"4","2","3","9","5","1",NA,"1",NA,"3",NA
NA,"4","1","4","5","2","5","1",NA,"3",NA
"3","5",NA,"4","5","3",NA,"1","8","3","5"
"4","5",NA,"6","4","2","5","1","10","2","5"
NA,"3",NA,"9","5","2","3","1","5","3","9"
NA,"7",NA,"9","5","2",NA,"1",NA,"3","4"
"3","6","1","5","5","2",NA,"1","14","1","4"
"3","5","2","6","5","2","3","1",NA,"3","13"
"3","7","2","6","5","2",NA,"1",NA,"1","2"
"4","5",NA,"4","2","2","2","1","8","3","4"
NA,"5","3","4","5","2",NA,"1","6",NA,"5"
"2","5","1","5","5","2",NA,"2","10","1","3"
"6","4","3","7","5","2",NA,"1","7",NA,NA
"2","5",NA,"7","5","2","6","1",NA,"3","5"
NA,"1",NA,"8","5","2","3","1","9",NA,NA
"3","7","3","5","5","1",NA,"1",NA,NA,"4"
"3","2","1","2","5","2",NA,"1","10","3",NA
"4","3",NA,"5","5","3","3","1","8","3",NA
"1","7","2","8","5","1","6","2",NA,NA,"3"
"3","7","2","5","5","2",NA,"1",NA,"3","4"
"4","3",NA,"5","4","3","3","1","6","3",NA
NA,"4","1","4","5","2","3","1","9","1","3"
NA,"3","2","4","5","2",NA,"1","7","3",NA
"2","6","3","5","4","1",NA,"1",NA,NA,"3"
"3","7",NA,"8","5","2","2","1",NA,"1","13"
"1","3",NA,"6","5","2","3","1",NA,NA,NA
"1","4",NA,"3","5","4",NA,"1","12",NA,NA
NA,"5",NA,"6","5","4",NA,"1","12",NA,NA
"4","7",NA,"8","5","2","3","1",NA,NA,"3"
"2","2","1","6","5","2","2","1","14","1",NA
NA,"7","3","6","5","2",NA,"1",NA,NA,"5"
"2","5","1","2","5","1",NA,"1",NA,"1","3"
NA,"3","3","8","5","1",NA,"1",NA,"3","8"
"2","1",NA,"5","5","3","4","2","7",NA,NA
NA,"3","2","4","5","1","3","1",NA,"3","6"
NA,"2","1","4","5","2",NA,"1","6","3",NA
NA,"3","1","4","5","2",NA,"1",NA,"1",NA
NA,"3","2","6","5","1","5","1",NA,NA,NA
NA,"1","4","6","5","1","3","2",NA,"3",NA
NA,"3",NA,"8","5","2","6","1","5",NA,NA
NA,"3","1","3","5","2","5","1","5","3",NA
"4","3",NA,"7","5","2","3","1",NA,NA,NA
NA,"5",NA,"5","5","3",NA,"1","9","1","3"
NA,"6","2","7","5","2","6","1",NA,"3","6"
"4","7",NA,"11","5","2","6","1",NA,NA,"4"
"3","7","3","5","5","2",NA,"1",NA,NA,"4"
"2","2","1","5","5","3","3","1","7","3",NA
"6","4",NA,"10","5","3","6","1","9","3",NA
"2","3","3","5","5","2",NA,"1","6",NA,NA
NA,"5",NA,"7","5","2","5","1",NA,"1","5"
NA,"3",NA,"5","3","2","5","1",NA,NA,"7"
"1","3","1","3","5","1","7","1","5","3",NA
"2","7","1","4","5","2",NA,"1",NA,"2","8"
NA,"4","1","4","5","1","5","1",NA,"3",NA
"1","7","1","4","5","2",NA,"1",NA,"1","3"
"4","5",NA,"10","5","3","4","1","7",NA,"5"
"2","5",NA,"17","5","2","6","1",NA,NA,"9"
"3","6","2","2","5","2",NA,"1","12",NA,"5"
"3","6",NA,"9","5","2",NA,"1",NA,"3","10"
NA,"4","1","7","5","1","3","1",NA,"3","3"
"2","1","3","5","5","2","5","1","6",NA,NA
"3","5",NA,"7","5","2",NA,"1",NA,NA,"7"
"3","5","3","4","4","2",NA,"1","6",NA,"7"
"3","7",NA,"7","5","3",NA,"1","8",NA,"5"
NA,"7",NA,"4","4","2",NA,"1","16",NA,"3"
"3","5",NA,"11","5","3","6","1",NA,NA,NA
"2","1","1","6","4","1","3","1",NA,"3",NA
NA,"5",NA,"6","5","4",NA,"1","10","3","5"
"3","4","3","6","5","2",NA,"1","8",NA,"11"
NA,"6","1","6","5","1",NA,"1",NA,"3","4"
"5","5",NA,"7","5","2",NA,"1","11","1","2"
"6","1","6","9","5","1","5","1",NA,"3",NA
"4","7",NA,"11","5","2","6","1",NA,"1","3"
"2","7","1","7","5","2",NA,"1",NA,NA,"5"
NA,"4","2","7","5","2",NA,"1",NA,"3","12"
"3","7",NA,"5","3","2",NA,"1",NA,"1","3"
"3","7","3","7","5","2","3","1",NA,NA,"4"
"4","1",NA,"6","5","2","5","1","4","3",NA
NA,"4",NA,"6","5","3","2","1","8",NA,NA
NA,"3",NA,"4","2","2","2","1","7","3","4"
"3","3",NA,"6","4","2","2","1","8","3","4"
NA,"5",NA,"7","4","2","6","1",NA,NA,"3"
NA,"5",NA,"6","5","2","3","1","7",NA,NA
"2","1",NA,"4","3","2",NA,"1","7",NA,NA
"3","2","4","5","5","2","3","1","3",NA,NA
"5","5",NA,"10","5","4",NA,"1","5","1",NA
"3","7",NA,"11","5","3","3","1","12",NA,"4"
"3","4","4","5","5","2","3","1","5","3",NA
"6","4","4","8","5","2","2","1",NA,"1",NA
NA,"4","1","4","5","1",NA,"1",NA,"3","5"
NA,"6","2","4","5","2",NA,"1","13",NA,"4"
NA,"5","4","7","5","2",NA,"1","7",NA,"7"
NA,"7","1","5","5","2",NA,"1",NA,"3","6"
"1","3","1","4","5","2",NA,"1","16",NA,NA
"3","1","3","4","5","2","2","1","6","3",NA
NA,"7","1","3","5","1",NA,"1",NA,"3","9"
NA,"3","1","6","5","1","3","1",NA,"3","4"
"3","5",NA,"4","4","3",NA,"1","6",NA,"5"
NA,"3","1","4","5","2","3","1","9",NA,"3"
"4","6","3","9","5","2","2","1",NA,"1","4"
"3","2","2","6","5","1",NA,"1",NA,"3",NA
"5","6",NA,"7","5","2",NA,"1",NA,NA,"12"
NA,"1","1","1","5","2",NA,"1","11","3",NA
"3","5","3","8","5","2","3","1",NA,NA,"5"
NA,"5","1","3","5","1",NA,"1",NA,"3","3"
"4","5","5","6","5","2",NA,"1",NA,"3","4"
"3","3","5","6","5","2","3","1","5","3",NA
"3","5",NA,"10","5","2","5","1",NA,"3","13"
NA,"7",NA,"9","5","2",NA,"2",NA,"2","3"
"3","1","3","5","5","2",NA,"1","5",NA,NA
NA,"4","1","2","5","1",NA,"1",NA,"3","8"
"3","3","4","3","5","2",NA,"1","7",NA,NA
"4","5",NA,"6","1","2","2","1",NA,"3","4"
NA,"3",NA,"6","2","2","3","1","7","3","3"
NA,"2",NA,"6","5","3",NA,"1","9","1",NA
"3","6",NA,"9","5","2","4","1",NA,NA,"5"
NA,"7","2","8","5","3",NA,"1","10","3","9"
NA,"6","2","7","5","2",NA,"1",NA,"1","6"
NA,"3","2","6","5","2",NA,"1",NA,"3",NA
NA,"3","4","5","5","2","3","1","5","3",NA
"3","5","4","6","5","2",NA,"1","5",NA,NA
"3","4","2","7","5","2",NA,"1","8","1",NA
"4","5","2","5","5","2",NA,"1",NA,"3","5"
"1","7",NA,"8","4","2","1","1",NA,"1","3"
"2","3",NA,"11","5","2","4","1",NA,NA,NA
"3","4",NA,"6","5","3",NA,"1","11","3",NA
"4","7","2","5","5","2","3","1",NA,"1","4"
NA,"3","3","6","5","2","6","1",NA,"3",NA
"2","5",NA,"9","5","4",NA,"1","10",NA,NA
"4","7",NA,"9","5","4","3","1",NA,"3",NA
NA,"2","2","5","5","2","3","1","3",NA,NA
"3","4","4","3","4","2","3","1","5",NA,"3"
NA,"5",NA,"7","5","3","3","1","11",NA,NA
"1","5",NA,"6","5","3","1","1",NA,"3","5"
NA,"4","3","5","5","2","3","1","5",NA,"6"
"2","2",NA,"6","5","3","3","1","7",NA,NA
"2","1","2","4","5","2","5","1","7","3",NA
NA,"4",NA,"7","3","4","3","1","14","1","3"
NA,"3","3","4","5","1",NA,"1",NA,"3","5"
"3","5","2","7","5","2",NA,"1",NA,NA,NA
"4","7",NA,"11","5","2","6","1",NA,"3","13"
NA,"4",NA,"7","5","3",NA,"1","8","3",NA
"3","5",NA,"5","5","4","4","1","11",NA,NA
"3","5",NA,"10","5","2",NA,"1",NA,"3","12"
"3","5",NA,"10","4","2","6","1",NA,NA,"11"
"1","7","2","4","5","2",NA,"1",NA,NA,"5"
"6","5","4","6","5","2","4","1","7",NA,"4"
"3","5",NA,"8","5","2","5","1",NA,NA,"9"
"1","3","2","6","5","2",NA,"1",NA,"1",NA
"7","5",NA,"11","5","2","3","1",NA,NA,NA
NA,"2","1","6","5","1",NA,"1",NA,"3",NA
NA,"7",NA,"10","5","2","4","1",NA,"1","3"
"4","2","3","4","5","1",NA,"1",NA,"3",NA
NA,"6","2","7","5","2","5","1",NA,"2","5"
"3","2","2","4","5","2",NA,"1","12","3",NA
NA,"1",NA,"16","5","3","3","1",NA,"1",NA
"2","5",NA,"5","5","4",NA,"1","11",NA,NA
"3","4","5","6","5","2","4","1","4","3",NA
NA,"6","2","5","5","2","2","1",NA,NA,"10"
NA,"4",NA,"6","5","2",NA,"1",NA,"1",NA
"2","7","4","6","5","2","3","1",NA,"1","3"
"2","2","1","3","5","2",NA,"1","8",NA,NA
"2","5",NA,"5","2","3",NA,"1",NA,"1","3"
"1","1","2","4","3","1","6","1",NA,NA,"3"
"2","2","1","5","5","1","4","1",NA,"3",NA
"2","4","1","5","5","2","5","1","11","2",NA
NA,"5","2","7","5","2","3","1","8","1","3"
NA,"6","1","5","5","2","5","1",NA,NA,"7"
NA,"5","1","7","5","1","5","1",NA,"3","6"
NA,"1","4","5","5","2",NA,"1","4",NA,NA
"3","6","2","7","5","2",NA,"1",NA,NA,"5"
NA,"7","2","7","5","2","3","1","12","1","3"
"3","2","3","7","5","1","5","1",NA,"3","5"
NA,"4","1","4","5","1","3","1",NA,"3",NA
"3","5","1","7","5","1",NA,"1",NA,NA,"8"
NA,"1","3","4","5","1","3","1","3","3",NA
"3","5",NA,"10","5","2","4","1",NA,"3","4"
"2","5","2","5","5","3","3","1","10",NA,NA
"2","3",NA,"4","4","4",NA,"1","7","3",NA
"2","1","1","5","5","1",NA,"1","2","3",NA
"2","3","1","6","5","1","7","1",NA,"1",NA
NA,"6","1","10","5","1","6","1",NA,"2","4"
"3","2","2","3","5","1",NA,"1",NA,"3",NA
NA,"5","1","4","5","1",NA,"1",NA,NA,"4"
"4","5","3","8","5","2",NA,"1","12",NA,"6"
"3","4","6","9","5","1","3","1",NA,"3","5"
NA,"2","2","4","5","2",NA,"1","2",NA,NA
"3","5",NA,"10","5","2","5","1",NA,"3","9"
"2","7","1","5","5","2",NA,"1",NA,"2","3"
NA,"4","2","8","5","2",NA,"1",NA,"1",NA
"3","5","1","6","5","1",NA,"1",NA,"3","4"
"3","7","1","6","5","2","3","1",NA,"2","4"
"3","1","2","4","5","1","3","1",NA,NA,NA
"2","4","1","4","5","1",NA,"1",NA,"3",NA
"2","2",NA,"3","5","3",NA,"1","9",NA,NA
NA,"5",NA,"10","5","2","3","1",NA,"3","3"
"3","5","2","4","5","2",NA,"1","5","3",NA
"3","1",NA,"9","5","3","3","1","9",NA,NA
"4","2",NA,"18","5","3","5","1","6","3",NA
NA,"2","1","4","5","1","3","1",NA,NA,NA
"3","1","2","4","5","1","3","1","2","3",NA
NA,"5","4","7","5","2","5","1",NA,"3","7"
NA,"7","2","5","5","2",NA,"1",NA,NA,"4"
"3","7",NA,"5","5","3",NA,"1","12","1","4"
"4","5","3","8","5","2",NA,"1",NA,"3","4"
"3","7","2","6","5","2",NA,"1",NA,"1","2"
"2","1","1","3","5","1",NA,"1","2",NA,NA
"4","6",NA,"6","4","4",NA,"1","13",NA,"3"
"3","4","4","6","5","2","5","1",NA,"3","10"
NA,"7","2","6","5","2",NA,"1","9","3","5"
"3","1","2","7","5","1",NA,"2","4",NA,NA
"3","4",NA,"8","5","2",NA,"1",NA,NA,NA
"2","5",NA,"11","5","2","3","1",NA,"3","5"
"3","5","2","7","5","1","3","1",NA,NA,"6"
NA,"7","2","4","4","2",NA,"1","13",NA,"4"
NA,"5","3","5","5","2","5","1","11",NA,"4"
"3","6",NA,"7","5","3","5","1","12",NA,"6"
"3","1","2","3","5","1",NA,"1",NA,"3",NA
NA,"4","3","4","5","1",NA,"1",NA,NA,"3"
"2","7","2","6","5","2","3","1",NA,NA,"3"
NA,"5","3","6","5","2","5","1",NA,"3","13"
NA,"5","5","7","5","2","5","1",NA,"3","5"
"2","5",NA,"7","5","4","3","1","7",NA,"3"
"4","6","2","6","5","2",NA,"1",NA,"3","5"
NA,"3","1","3","5","2",NA,"1","12","1","3"
NA,"5",NA,"6","4","2",NA,"1","8",NA,"6"
NA,"6","2","7","5","2","2","1",NA,"3","4"
"2","1","2","4","5","1",NA,"1",NA,"3",NA
"3","5",NA,"6","5","3",NA,"1","13","1",NA
"3","6",NA,"6","5","2",NA,"1","13","3","6"
NA,"1",NA,"7","5","3","3","1","8",NA,NA
NA,"4","4","7","5","2","3","1",NA,"1",NA
"3","4",NA,"6","4","2","6","1",NA,"3","8"
"2","7",NA,"11","5","2","6","1",NA,NA,"13"
NA,"6","4","5","5","2",NA,"1",NA,NA,"4"
NA,"6","2","5","5","2","3","1","10",NA,"4"
"1","3","2","3","4","2","5","1","4",NA,NA
"2","5",NA,"6","5","3",NA,"1","14","1",NA
"7","7",NA,"6","5","3",NA,"1",NA,"3",NA
"1","3",NA,"4","1","2","3","1","3","1","2"
NA,"5","2","6","5","2","3","1",NA,"1","2"
NA,"6",NA,"4","5","3",NA,"1","15","1","4"
"2","2","1","4","5","2","5","1","13","2",NA
NA,"4",NA,"8","5","2","3","1","6","3",NA
NA,"3","1","6","4","1","5","1",NA,"1",NA
NA,"3","2","6","5","1",NA,"1",NA,NA,NA
NA,"6","1","11","5","1","3","1",NA,NA,"4"
NA,"7","1","5","5","2","3","1",NA,NA,"6"
"2","3","2","5","5","2",NA,"1","4","3","4"
"4","6",NA,"6","5","2",NA,"1","8",NA,"4"
"2","6","1","4","5","2",NA,"1","14","1","3"
"2","4","1","3","5","1",NA,"1",NA,NA,"6"
"2","1","2","5","5","2","3","1","2","3",NA
NA,"3",NA,"12","5","2","3","1","9","3",NA
"3","3",NA,"7","5","4","4","1","11",NA,NA
"3","1",NA,"11","5","2","6","1",NA,"2",NA
"3","6",NA,"9","5","2",NA,"1","11","3","4"
"3","3",NA,"5","5","4",NA,"1","10",NA,NA
"2","7",NA,"6","5","2",NA,"1",NA,"1","4"
"5","3","4","5","5","2","3","1","5","3","7"
NA,"6","1","4","5","2","3","1",NA,NA,"4"
"3","4","3","8","5","2","6","1",NA,"3","4"
"5","7",NA,"6","5","3",NA,"1","12","3","5"
"2","5",NA,"4","3","2",NA,"1","11","3","8"
NA,"6","1","5","5","2",NA,"1",NA,NA,"4"
"2","7","2","5","4","1",NA,"1",NA,"3","4"
"2","7","1","6","5","2",NA,"1",NA,"2","5"
"4","7","2","8","5","2",NA,"1",NA,"3","6"
"3","5","2","5","5","3",NA,"1","10",NA,"4"
NA,"1","3","6","5","2","3","1","2",NA,NA
"5","6",NA,"17","5","2","5","1",NA,"3","3"
NA,"6",NA,"5","2","2",NA,"1",NA,NA,"3"
NA,"5","2","6","5","1","3","1",NA,NA,NA
NA,"1","1","1","5","2",NA,"1","9","3",NA
"5","7",NA,"7","5","3",NA,"1","12","1","4"
NA,"7",NA,"7","4","3","3","1",NA,NA,"2"
NA,"5",NA,"6","5","3",NA,"1","7","3","6"
"2","4","1","3","5","1",NA,"1","3","2","3"
NA,"1",NA,"4","2","2","3","1","5","3","3"
"5","3","4","8","5","2","3","1","7",NA,"6"
"4","5",NA,"12","4","3","5","1","10","2",NA
"2","1",NA,"9","5","2","6","1","4",NA,NA
"1","3",NA,"5","4","2","5","1","5","3","5"
"2","7","1","3","5","1","3","1",NA,"3","4"
"2","3",NA,"6","5","2","5","1","4",NA,NA
NA,"5","1","7","5","1","6","1",NA,"3","7"
NA,"4","1","5","5","1","6","1",NA,"3",NA
"2","3","3","2","5","1",NA,"1","1",NA,NA
"3","4","2","6","5","2",NA,"1","11","3","4"
NA,"5",NA,"1","2","2",NA,"1","15","2","3"
NA,"3","4","4","4","1",NA,"1","5",NA,"6"
NA,"4",NA,"8","5","3","4","1","9",NA,"2"
NA,"1","1","4","5","2","3","1","6","3",NA
NA,"4",NA,"7","5","4","5","1","10","3",NA
"4","5","6","5","5","2","2","1",NA,NA,"3"
"4","5",NA,"16","5","2","6","1",NA,NA,"3"
"2","7","1","5","5","2","3","1",NA,"1","5"
"2","6","2","5","5","2","2","1","10","1","3"
"3","2",NA,"2","5","4",NA,"1","10",NA,NA
NA,"3","4","4","5","1",NA,"1",NA,"3",NA
NA,"2","1","1","5","1",NA,"1",NA,NA,NA
NA,"2","4","6","5","2",NA,"1","7","3",NA
"2","5",NA,"6","5","2",NA,"1","3",NA,"4"
"3","2",NA,"8","5","3","5","1","5",NA,NA
"3","5","4","7","5","2","3","1",NA,NA,"4"
NA,"3","3","4","5","2",NA,"1","4","3","4"
"2","1","4","4","4","2","4","1","4",NA,NA
NA,"6",NA,"8","5","2","5","1",NA,"3",NA
NA,"5","3","7","5","2",NA,"1","9","3",NA
"2","1","1","3","4","2",NA,"1","11","1",NA
"3","1","2","7","5","2","3","1","9","3",NA
NA,"3",NA,"13","5","2","4","1",NA,"3",NA
NA,"6",NA,"11","5","2","3","1",NA,"1","4"
NA,"1","2","5","5","2","6","1","7",NA,NA
"3","5",NA,"6","5","3","3","2","11","1",NA
"3","2",NA,"5","5","4","3","1","11","1",NA
"2","3","1","1","5","2",NA,"1","9",NA,NA
NA,"3","2","5","5","2",NA,"1","16","1",NA
NA,"7",NA,"9","5","2","3","1",NA,"2","13"
"3","3",NA,"6","5","3","5","1","13",NA,NA
"2","3","2","5","5","2",NA,"1","6",NA,NA
"4","5",NA,"7","3","3","4","1","7",NA,"5"
NA,"1",NA,"5","5","3","3","1","8","3",NA
"2","4","1","5","5","2","3","1",NA,"3",NA
"2","6",NA,"7","1","2","3","1",NA,NA,NA
NA,"5",NA,"5","5","3",NA,"1","15","1",NA
NA,"5","4","6","5","2","6","1",NA,NA,"5"
NA,"2",NA,"13","5","2","6","1",NA,"1",NA
"3","4","3","6","4","2","7","1","6",NA,"7"
"3","5","5","8","5","2",NA,"1",NA,"3","4"
NA,"5","2","6","5","2",NA,"1","8","3","6"
"3","2",NA,"6","4","2","3","1","5",NA,NA
NA,"6","1","2","4","1",NA,"1",NA,NA,"3"
"2","2","2","3","5","2","6","1","4","3",NA
"2","4",NA,"5","5","4","3","1","7","2",NA
"2","4","1","5","5","2",NA,"1",NA,"1","3"
NA,"2","1","3","5","2",NA,"1","4",NA,NA
"2","2",NA,"6","5","4","3","1","10",NA,NA
NA,"6","5","5","5","2",NA,"1",NA,NA,"5"
NA,"1","2","4","5","2",NA,"1","3",NA,NA
NA,"7","3","7","5","2",NA,"1",NA,NA,"3"
"2","4",NA,"8","5","3",NA,"1","11",NA,NA
"2","2","1","4","5","1","6","1","5","3",NA
"5","5","3","7","5","2","5","1","9","3",NA
"4","5","2","7","5","2","5","1",NA,NA,"5"
NA,"6","3","7","5","2",NA,"1",NA,NA,"6"
"4","7","4","6","5","2",NA,"1",NA,NA,"5"
"2","1","2","4","4","2","5","1","3",NA,NA
"4","5",NA,"9","5","2","4","1",NA,NA,"5"
"6","4",NA,"11","5","2","4","1",NA,NA,NA
"3","7",NA,"8","5","2",NA,"1",NA,NA,"3"
"3","5",NA,"6","5","3",NA,"1","11","1",NA
"5","5",NA,"7","5","2",NA,"1",NA,NA,"4"
"3","3","2","4","5","2",NA,"1","3",NA,NA
NA,"6",NA,"10","5","3","6","1",NA,"3","9"
"4","7","1","6","5","2","3","1",NA,NA,"4"
NA,"7","1","8","5","1","3","1",NA,NA,"3"
"2","3",NA,"4","4","3",NA,"1","10","3",NA
NA,"5",NA,"5","5","3",NA,"1","8","3",NA
NA,"3","1","9","5","1","3","1",NA,NA,"6"
"5","5","2","8","5","2","6","1",NA,NA,"9"
NA,"4",NA,"7","5","2","6","1",NA,"3",NA
"3","4",NA,"16","5","2","6","1",NA,NA,"13"
NA,"6","4","5","5","2","3","1",NA,"3","7"
NA,"1","2","4","4","1","5","1","2","3",NA
"2","7","1","4","4","1",NA,"1",NA,NA,"5"
"3","6","5","7","5","2",NA,"1",NA,NA,"4"
"2","3","2","6","5","2","7","1",NA,"3","7"
NA,"3","2","4","5","1","4","1",NA,NA,NA
"2","6",NA,"9","5","2","6","1",NA,NA,"4"
"4","3",NA,"9","5","3",NA,"1","7",NA,NA
NA,"2",NA,"9","5","3","3","1","7","3",NA
NA,"6","1","7","5","2","3","1",NA,"3","5"
NA,"2","2","5","5","1",NA,"1",NA,"2",NA
NA,"5",NA,"6","5","2",NA,"1",NA,"3",NA
"3","5",NA,"3","4","2",NA,"1","5",NA,"4"
"2","6","2","6","5","2",NA,"1","12","1","3"
NA,"6","7","6","5","2",NA,"1",NA,NA,"2"
"3","6",NA,"9","5","2","3","1",NA,NA,"4"
NA,"6",NA,"6","5","3",NA,"1","13","2","6"
"3","3",NA,"8","5","2",NA,"1","4","3",NA
"2","6","1","6","5","2","3","1","12","3","9"
"3","6",NA,"9","5","3",NA,"1","12","1","8"
NA,"4","3","5","5","2",NA,"1",NA,NA,NA
NA,"3","5","6","5","2","5","1","5","2",NA
"3","5",NA,"16","5","2","5","1",NA,"3","11"
NA,"5",NA,"8","3","2","5","1","8",NA,"8"
"2","2","1","1","5","1",NA,"1","3",NA,"8"
"2","1","1","4","5","2","4","1","7",NA,NA
NA,"3","2","4","5","1",NA,"1",NA,"3","4"
"3","5","2","6","5","2","3","1","10",NA,"3"
"1","4",NA,"6","5","2","3","1","10",NA,NA
NA,"3","1","9","5","1","5","1",NA,"1","3"
"3","4","2","4","5","1",NA,"1",NA,"3","6"
NA,"3","4","5","4","1","3","1",NA,"3","13"
NA,"5",NA,"6","5","3","4","2","8",NA,"5"
"4","6","2","7","5","2","3","1",NA,NA,"4"
"3","3","4","6","5","2","2","1",NA,"3",NA
NA,"5",NA,"10","5","2","3","1","7",NA,"7"
"3","2",NA,"6","5","3","5","1","5",NA,NA
NA,"3","4","6","5","1","4","1",NA,"3",NA
"2","1","1","3","5","1",NA,"1",NA,"3",NA
"3","7",NA,"10","5","2","5","1",NA,NA,"3"
"2","5","1","6","5","3","3","1","10","2",NA
"2","5","1","6","5","2","6","1",NA,"1",NA
NA,"4","4","5","5","2","6","1",NA,NA,"6"
NA,"7","2","5","5","2",NA,"1","12",NA,"4"
NA,"6","1","9","5","2","5","1",NA,"1","5"
NA,"3",NA,"5","3","2","2","1",NA,"3","6"
NA,"5",NA,"9","5","3","5","1","12",NA,NA
"4","5","2","6","5","3","3","1","11",NA,"2"
NA,"5",NA,"7","5","2","6","1",NA,NA,"9"
NA,"6","1","5","5","2",NA,"1",NA,NA,"6"
"3","4","2","7","5","1","4","1",NA,NA,NA
"2","3","3","5","5","1","2","1",NA,NA,"5"
NA,"4","6","5","5","2",NA,"1",NA,"3","4"
NA,"5",NA,"6","5","3",NA,"1","12",NA,NA
"3","4","5","5","5","2",NA,"1","5",NA,"13"
NA,"3","1","1","5","1",NA,"1","9","2","2"
NA,"4",NA,"7","5","4","3","1","9",NA,NA
NA,"5",NA,"8","5","4","3","1","12",NA,"3"
NA,"5",NA,"10","5","3","5","1",NA,"2",NA
"2","7","2","7","5","2",NA,"1",NA,"1","4"
"3","7","2","6","5","2",NA,"1",NA,NA,"4"
"3","5","3","5","5","2",NA,"1","8","3","5"
NA,"3",NA,"8","4","2","6","1","7","3",NA
NA,"1","1","4","5","2","5","1","16",NA,NA
NA,"7",NA,"10","5","2",NA,"1",NA,"1","2"
NA,"4",NA,"6","5","2","4","1","7",NA,NA
NA,"7","2","9","5","2","3","1",NA,NA,"6"
"3","1",NA,"5","5","3",NA,"1","9","3",NA
"5","3",NA,"4","4","3","5","1","10","1",NA
NA,"4","2","2","3","1",NA,"2",NA,"3","4"
NA,"7","2","6","5","2","3","1",NA,"1","3"
"3","2",NA,"7","5","3","2","1","9",NA,NA
"2","7","2","6","5","2",NA,"1",NA,"1","3"
"3","1","4","5","5","2","6","1","5",NA,NA
"2","3","1","1","5","1",NA,"2",NA,"3",NA
NA,"1",NA,"5","5","3","3","1","10","3",NA
"2","4","1","4","5","2","3","1","7",NA,"4"
NA,"6","1","5","5","1","4","1",NA,"1","4"
NA,"4",NA,"9","5","2","5","1",NA,"3","5"
NA,"6","1","5","5","1",NA,"1",NA,"1","2"
"3","4","5","6","5","2",NA,"1",NA,NA,NA
"2","2",NA,"4","3","2","4","1",NA,"3",NA
"3","6","2","5","5","2","2","1",NA,"1","3"
NA,"6",NA,"6","5","3",NA,"1","8","3","7"
NA,"5","1","5","5","2","3","1",NA,"1",NA
NA,"5","4","9","5","2","3","1",NA,"3","9"
"2","7",NA,"4","5","3",NA,"1","13","2","8"
"3","4",NA,"6","5","3","2","1","8","3",NA
"2","7","1","6","5","2",NA,"1",NA,"1","3"
"3","3",NA,"10","5","2","6","1",NA,NA,NA
"2","4",NA,"6","4","2","4","1","6","3","3"
NA,"3",NA,"6","5","4","5","1","9","3",NA
"1","7",NA,"6","5","3",NA,"1","13","1","3"
NA,"5",NA,"7","5","2",NA,"1",NA,"3","4"
NA,"1",NA,"6","5","2","4","1","5",NA,NA
"2","1","1","9","5","1","5","1",NA,NA,"5"
NA,"7",NA,"9","4","2","3","1",NA,NA,"3"
NA,"1","3","1","5","2",NA,"1","7","2",NA
NA,"4","3","3","5","2",NA,"1","5",NA,"3"
NA,"3",NA,"9","5","3","3","1","10","1",NA
NA,"5","2","5","5","2",NA,"1","11","3","9"
"1","4","1","1","5","1",NA,"1","10","1","3"
NA,"2","3","6","5","1","3","1","3",NA,NA
"2","5","1","6","5","1",NA,"2",NA,NA,"3"
NA,"5",NA,"5","5","3",NA,"1","11",NA,NA
NA,"3",NA,"6","3","2","3","1",NA,"3","6"
"3","7","2","4","5","2","5","1","11","1","5"
"3","6",NA,"8","5","2",NA,"1","13","1","6"
NA,"6","2","8","5","2",NA,"1",NA,"3","4"
NA,"3","3","4","5","1",NA,"1","2",NA,NA
NA,"5",NA,"7","5","2",NA,"1","7","3",NA
"2","5","1","6","5","2",NA,"1",NA,"3","4"
"3","4",NA,"10","4","2","6","1",NA,"3","10"
NA,"1","3","5","5","1","3","1","2",NA,NA
"4","1","2","6","5","1","6","1",NA,NA,NA
"6","3",NA,"8","5","2","3","1","11","3",NA
NA,"4","1","1","5","2","3","1","16","1","3"
"3","3",NA,"4","5","4",NA,"1","13",NA,NA
"1","6","1","5","5","2",NA,"1",NA,NA,"3"
NA,"7","4","6","5","2",NA,"1",NA,"2","4"
NA,"5","1","3","3","1",NA,"1",NA,"3","4"
"3","5",NA,"7","5","3",NA,"1","10","2","6"
NA,"1","2","5","5","1","5","1","3",NA,NA
NA,"5",NA,"8","3","2","2","1",NA,"3","5"
"4","5","4","7","5","2",NA,"1","5","3","4"
NA,"1","2","5","5","2","5","1","2","3",NA
NA,"7","4","7","5","2",NA,"1",NA,"3","5"
"2","3","1","3","5","1","3","1","8","3","3"
"2","1",NA,"8","5","2","5","1","12","2",NA
"2","1","3","5","5","2","3","1","4","3",NA
"2","6",NA,"10","5","2","4","1",NA,NA,"4"
NA,"3",NA,"8","5","2","5","1","5","1",NA
"2","1","1","3","4","2","6","1","5",NA,NA
"5","5","2","6","5","2","6","1","8","3","5"
"5","4",NA,"5","5","2","4","1","4","3","6"
NA,"4","4","6","5","2","4","1","11","3","5"
"3","5",NA,"7","5","2","5","1",NA,"3","7"
"4","5",NA,"10","5","2","5","1",NA,"3","9"
"2","6","1","5","5","1",NA,"1",NA,"3","6"
"2","3","1","5","5","2",NA,"1","12",NA,NA
"2","5","1","4","4","1",NA,"1",NA,"3","8"
"3","5",NA,"8","5","2","3","1",NA,NA,"5"
NA,"4","3","5","5","1","3","2",NA,"3","4"
NA,"1","1","7","5","1","3","1",NA,"3",NA
NA,"6",NA,"12","5","2",NA,"1",NA,"1","3"
"2","5",NA,"6","5","3",NA,"1","13","3",NA
NA,"7","2","5","5","2",NA,"1","12","1","2"
NA,"5","1","2","5","2","5","1",NA,"3","5"
NA,"5",NA,"7","5","3","3","1","7","3","4"
NA,"3","2","4","5","1",NA,"1",NA,NA,"3"
NA,"4","1","4","5","1",NA,"1",NA,NA,"7"
NA,"7","3","10","5","2","5","1",NA,NA,"9"
"3","4",NA,"8","5","2",NA,"1","5",NA,NA
"3","6",NA,"10","5","2","4","1",NA,NA,"13"
"2","4","2","9","5","2","5","1",NA,"1","3"
NA,"5",NA,"8","5","2","5","1","11","2","3"
"2","4","1","3","5","3",NA,"1","12",NA,NA
NA,"4","3","7","5","2","3","1","8",NA,NA
"2","2","1","5","5","2","3","1","6",NA,NA
"2","3",NA,"5","5","4",NA,"1","13",NA,NA
"2","5","2","5","4","1",NA,"1",NA,"3","4"
"2","6","1","6","5","1","6","1",NA,"2","4"
"3","5",NA,"6","5","3",NA,"1","14",NA,"6"
"2","7",NA,"7","5","4",NA,"1","15","1","3"
"5","5","3","9","5","2","3","1","11","3","7"
NA,"4",NA,"9","5","3","3","1","10",NA,"13"
NA,"7","1","4","5","2",NA,"1",NA,"1","4"
NA,"5","3","8","4","1","3","1",NA,NA,"4"
"2","1","1","2","5","2","3","1","8",NA,NA
"4","3",NA,"10","5","3","3","1","8","3",NA
NA,"5","1","5","5","2",NA,"1",NA,"1","4"
"2","4","2","6","4","2","3","1","9",NA,NA
NA,"5","1","5","5","2",NA,"1",NA,NA,"13"
"3","4","4","9","5","2",NA,"1",NA,NA,"4"
NA,"1","2","5","5","1","3","1",NA,"1",NA
"2","3",NA,"8","5","4",NA,"1","10","1",NA
"3","7",NA,"15","5","3","3","1","10","3","13"
"2","7",NA,"10","5","3","6","1","14","1","6"
"3","1",NA,"9","4","2","5","1","6",NA,NA
"3","7",NA,"6","5","2","3","1","10","3","10"
NA,"6",NA,"8","5","3","3","1","14",NA,"3"
NA,"1",NA,"6","5","3","6","1","9",NA,NA
NA,"5","5","6","5","1",NA,"1",NA,NA,"5"
"2","7","1","9","5","2","3","1",NA,"1","3"
NA,"6","3","5","5","3",NA,"2","10",NA,"5"
"3","5",NA,"7","5","3","2","1","10","3",NA
"3","6",NA,"8","5","3",NA,"1","8",NA,NA
NA,"4","1","2","5","2",NA,"1","12",NA,"3"
"3","5","5","4","4","2","3","1","5",NA,"2"
NA,"7",NA,"6","3","3",NA,"1","13","3","5"
"2","4",NA,"6","5","3",NA,"1","13",NA,NA
"2","3","2","4","5","2",NA,"1","10",NA,NA
NA,"3","2","5","5","2",NA,"1","9",NA,NA
"3","2","2","4","5","1","6","1",NA,"2",NA
"5","3","4","6","5","1",NA,"1",NA,NA,"13"
"4","4","1","4","5","2","3","1","15",NA,"5"
"5","2",NA,"8","5","2",NA,"1","7","3",NA
NA,"3",NA,"11","5","2","3","1",NA,"3",NA
NA,"4","2","5","5","2",NA,"1","8","3","4"
NA,"1","1","4","4","1",NA,"1",NA,"2",NA
NA,"5","3","2","3","2",NA,"1","6","3","5"
NA,"5","2","5","5","2","4","1",NA,"3","4"
"2","4",NA,"5","5","4",NA,"1","9",NA,NA
"2","5","3","4","4","2",NA,"1",NA,NA,"3"
"4","4",NA,"10","5","3","6","1","8",NA,NA
NA,"4","1","6","5","1",NA,"1",NA,"1","3"
NA,"7",NA,"9","5","2","3","1",NA,NA,"2"
"3","3","6","10","5","2","3","1","4","3","8"
"3","3","5","8","5","2","6","1","6","3",NA
NA,"4","1","3","5","2",NA,"1","8","3","4"
"3","5",NA,"5","2","2","2","1",NA,"3",NA
NA,"6","1","3","5","1",NA,"1",NA,"3","4"
NA,"4","1","7","5","2",NA,"1",NA,"3","6"
NA,"6",NA,"6","5","3",NA,"1","9",NA,"4"
"1","5","1","5","5","1",NA,"1",NA,NA,"2"
"2","7","1","7","5","1","3","1",NA,NA,"3"
"3","4","2","5","5","2",NA,"1","5",NA,"2"
NA,"3",NA,"5","5","3","3","1","9",NA,NA
"2","6",NA,"4","2","2","2","1","9","2","3"
"2","3","1","4","5","2",NA,"1","13","1","4"
NA,"6",NA,"7","3","2",NA,"1",NA,NA,"9"
"3","3","5","5","5","2",NA,"1",NA,NA,NA
NA,"1","2","4","5","2","3","1","7",NA,"3"
"1","2","4","8","5","1","2","1",NA,NA,NA
"2","2",NA,"6","5","3","5","1","5",NA,NA
"2","5","1","3","3","2",NA,"1",NA,"2","3"
"4","4",NA,"6","3","2",NA,"1","9",NA,"4"
NA,"1",NA,"4","5","3","4","1","11","2",NA
"3","6","2","4","5","2",NA,"1","14",NA,"13"
"5","6",NA,"10","5","2","5","1",NA,"3","13"
NA,"3","1","3","5","2","3","1","12",NA,"3"
"3","5","2","7","5","2","3","1","13","1","5"
"4","7",NA,"10","5","2","3","1",NA,"1","3"
NA,"5",NA,"9","5","3",NA,"1",NA,NA,"7"
NA,"3","3","6","5","2","6","1","10",NA,NA
"3","5","6","5","5","2",NA,"1","5",NA,"6"
NA,"1","5","8","5","2","4","1","4",NA,NA
"2","5",NA,"6","5","3",NA,"1","12","1","4"
NA,"4",NA,"8","2","2","2","1",NA,NA,"4"
NA,"3","2","5","5","2",NA,"1","4","3",NA
"2","3",NA,"3","1","2","2","1","7",NA,"2"
NA,"3","4","6","5","1","4","1",NA,NA,NA
"2","3",NA,"7","5","4","3","1","8",NA,NA
"3","7","3","5","5","2",NA,"1",NA,"1","4"
NA,"6","2","8","5","2","5","1",NA,NA,"5"
NA,"3","2","3","5","3",NA,"1","8",NA,NA
"4","4","3","8","5","2","5","1",NA,"3",NA
"2","4","5","5","5","2","3","1","8","3",NA
NA,"5","2","3","5","2",NA,"1",NA,"3","5"
"4","4",NA,"5","5","3","6","1","5","3",NA
NA,"3","3","4","5","1","3","1","7",NA,NA
NA,"3",NA,"7","5","4","3","1","12",NA,NA
NA,"4","3","6","5","2",NA,"1","12","2","4"
NA,"1","3","6","5","1","3","1","4","3",NA
"4","7",NA,"8","5","2",NA,"1",NA,NA,"5"
"4","6","3","4","4","1",NA,"1",NA,"3","4"
NA,"3","2","4","5","1",NA,"1",NA,NA,"5"
"3","7","1","6","5","2",NA,"1",NA,NA,"10"
NA,"5","3","6","5","2",NA,"1",NA,"3","4"
"2","5","1","4","5","2",NA,"1","12","3","3"
"3","1","3","6","4","2","5","1","2","3",NA
"2","7","1","6","5","2","3","1",NA,NA,"5"
"3","3","2","3","5","1",NA,"1",NA,NA,NA
"3","5","2","7","5","2","5","1","11","3","4"
NA,"2","2","5","5","1",NA,"1",NA,NA,NA
NA,"5","3","7","5","2",NA,"1","7","3","5"
"3","7","3","7","5","2","3","1",NA,"3","5"
"2","5",NA,"4","5","4",NA,"1","11",NA,NA
NA,"7","2","10","5","3","3","1","12",NA,"4"
NA,"6","2","6","5","2","3","1",NA,NA,"4"
"4","6","6","2","4","1",NA,"1","5",NA,"3"
"3","7",NA,"7","5","3",NA,"1","11","1","3"
"3","5","2","7","5","2","2","1",NA,"1","3"
NA,"2","3","6","5","1","3","1","4",NA,NA
NA,"6","3","6","5","2","4","1",NA,"3","6"
NA,"5","1","5","5","1","3","1",NA,NA,"3"
NA,"7","1","5","5","2","2","1",NA,NA,"3"
NA,"4",NA,"5","2","2","3","1","7",NA,"4"
NA,"1","2","5","5","2","3","1","4",NA,NA
"4","6","3","8","5","2","3","1",NA,NA,"5"
"2","4","1","7","5","2","4","1",NA,"2",NA
NA,"5","2","7","5","2",NA,"1","10",NA,"5"
NA,"1","2","4","5","1","3","1","3","3",NA
"1","5","1","2","5","2",NA,"1","17",NA,"6"
"2","3",NA,"4","2","2","3","1","9",NA,"4"
NA,"2","2","4","5","2",NA,"1","16","1",NA
NA,"5","2","3","5","2",NA,"1","9","3","12"
"2","1","3","4","5","2","6","1","5","3",NA
"4","5",NA,"10","5","2","7","1",NA,"3",NA
NA,"5",NA,"12","4","2","5","1",NA,NA,"3"
NA,"5",NA,"7","5","2",NA,"1",NA,"2","3"
NA,"5",NA,"8","5","3","3","1","9","2",NA
"3","5",NA,"8","5","2","2","1",NA,NA,"5"
"3","5","3","8","5","2",NA,"1",NA,NA,"5"
NA,"7","1","4","5","2",NA,"1",NA,"1","3"
"2","6","1","3","5","1",NA,"1",NA,NA,"3"
NA,"3","2","4","5","2",NA,"1","6",NA,NA
"4","4",NA,"10","4","2","5","1",NA,NA,"13"
NA,"5",NA,"7","5","4","5","1","13",NA,"9"
NA,"4",NA,"9","5","2","3","1","8","3",NA
"1","1","2","4","4","1",NA,"1","2","3",NA
NA,"7",NA,"10","5","2","6","1",NA,NA,"5"
"3","5",NA,"8","5","3","6","1","7","3","6"
NA,"7","1","7","5","1",NA,"1",NA,"1","3"
NA,"5",NA,"7","5","4",NA,"1","12",NA,NA
"3","1","4","5","5","2","3","1","3","3",NA
"3","7",NA,"14","5","2","3","1",NA,NA,"4"
NA,"6",NA,"6","3","2",NA,"1",NA,"1","3"
"3","7",NA,"8","5","2",NA,"1",NA,"3","5"
"3","2","4","6","5","1",NA,"1",NA,"3",NA
NA,"7",NA,"9","5","2",NA,"1",NA,"1","3"
NA,"5","2","4","5","2",NA,"1",NA,"3","4"
"2","4",NA,"5","5","3",NA,"1","12","1",NA
"2","3","3","5","5","1",NA,"1",NA,NA,"4"
NA,"5",NA,"8","5","2","6","1",NA,NA,"13"
"3","3","2","4","5","1",NA,"1",NA,"3",NA
"2","1","2","5","5","2","5","1","4","3",NA
NA,"5",NA,"4","5","4",NA,"1","10",NA,NA
NA,"4",NA,"9","4","2","5","1",NA,NA,NA
"2","3","2","2","5","2",NA,"1","13","1",NA
"2","5",NA,"8","5","3","5","1",NA,"1","3"
NA,"3","2","1","5","2",NA,"1","16",NA,NA
NA,"3","4","3","5","2",NA,"1",NA,NA,NA
"2","5",NA,"6","4","3",NA,"1","11","3","7"
"2","4","1","3","5","1","5","1",NA,NA,"3"
NA,"1","3","4","5","1",NA,"1","3","3",NA
NA,"7","2","7","5","2","6","1",NA,"2","4"
"4","4",NA,"7","5","2","3","1","7","3",NA
NA,"5",NA,"8","5","3",NA,"1",NA,NA,NA
"3","4","1","5","5","2","2","1","9","3","3"
NA,"7",NA,"4","3","2","4","1",NA,"3","5"
"2","4","1","3","5","2",NA,"1","9",NA,"6"
NA,"4","2","6","5","2","3","1",NA,NA,"5"
NA,"5",NA,"10","5","2","6","1",NA,NA,"9"
NA,"1","2","4","5","2","6","1",NA,NA,NA
NA,"4","2","7","5","1",NA,"1",NA,NA,"3"
NA,"4","2","4","5","2",NA,"1","8",NA,"5"
"2","7",NA,"7","5","2",NA,"1",NA,"2","4"
"3","3",NA,"10","4","2","6","1","4","3",NA
NA,"3","1","5","5","1",NA,"1",NA,"1","2"
"2","7","1","7","5","2",NA,"1",NA,NA,"5"
NA,"6","2","4","5","3","6","1","15","3","8"
"1","3","1","4","5","2","3","1","16","1",NA
"3","1","2","4","5","1","5","1",NA,"3",NA
NA,"2",NA,"3","1","2","2","1","16","1","2"
"3","6",NA,"9","5","2","6","1","11",NA,"6"
NA,"2",NA,"7","4","2",NA,"1","5","3",NA
NA,"4",NA,"8","4","2","3","1",NA,NA,"6"
"2","5",NA,"5","5","3","3","1","11","1",NA
NA,"4",NA,"7","5","3","3","1","9",NA,NA
NA,"5",NA,"4","5","3",NA,"1","7",NA,"3"
NA,"7",NA,"5","3","3",NA,"1",NA,NA,"3"
"2","6","1","2","5","1",NA,"1",NA,"3","5"
"2","4","1","2","5","2",NA,"1","12",NA,NA
NA,"1","1","5","5","1","5","1","4",NA,NA
"5","6",NA,"7","5","3",NA,"1","9",NA,"7"
NA,"7",NA,"7","1","2","5","1",NA,"1","4"
"2","7",NA,"4","4","2",NA,"1",NA,"1","3"
"3","7","1","5","5","1","3","1",NA,"2","3"
"3","5","2","5","5","1","3","1",NA,"3","4"
NA,"3","1","6","5","3","6","1","6","3",NA
"2","3","2","4","5","2","5","1","5",NA,NA
"2","2","3","6","5","1","3","1",NA,NA,NA
NA,"3",NA,"8","4","2","5","1","9","3",NA
NA,"4","5","7","5","2","6","1","7","3","5"
NA,"3",NA,"6","1","1","3","1",NA,NA,"3"
NA,"5",NA,"10","4","3","5","1","7","3","8"
NA,"4","2","9","5","2",NA,"1","6",NA,NA
"2","3",NA,"9","5","2","3","1","4",NA,NA
NA,"3","3","5","1","1","2","1",NA,NA,"2"
"2","3","5","3","5","1","2","1",NA,"3",NA
NA,"5","2","6","5","2",NA,"1",NA,"3",NA
NA,"5",NA,"1","4","3","3","1","13",NA,"3"
NA,"2","3","3","5","2",NA,"1","3","3",NA
NA,"5","3","4","5","2",NA,"1",NA,"3","4"
"3","5",NA,"6","4","2",NA,"1",NA,"3","13"
NA,"6","1","6","5","2",NA,"1",NA,NA,"7"
"1","6","5","7","5","1",NA,"1",NA,"1","3"
NA,"5","2","7","5","2","3","1",NA,"3",NA
"3","6","2","7","5","2","7","1",NA,NA,"6"
NA,"5",NA,"11","5","4","5","1","8","3",NA
"4","4",NA,"7","5","2","3","1","8",NA,NA
"4","3",NA,"5","2","3",NA,"1","6",NA,"5"
NA,"6",NA,"8","5","2",NA,"1",NA,NA,"9"
"4","3",NA,"4","3","3","3","1","9",NA,NA
"3","6",NA,"7","5","4","3","1","11",NA,NA
NA,"5","2","6","5","2","1","1",NA,NA,"3"
"2","1","1","3","5","1",NA,"1","1","3",NA
"3","4","2","7","5","2","6","1",NA,"3","6"
NA,"6","2","6","5","2",NA,"1","15",NA,"5"
"1","7","1","4","5","1",NA,"1",NA,NA,"7"
"2","5",NA,"8","5","3","6","1","10","3","5"
"3","7","2","6","5","2",NA,"1",NA,"3","5"
"1","5",NA,"5","3","3","3","1","7","2","2"
NA,"2","3","5","5","2","3","1",NA,"3",NA
NA,"5",NA,"9","5","2","6","1",NA,"3","10"
NA,"6",NA,"7","2","2","2","1",NA,"1","2"
NA,"3",NA,"6","2","2","2","1",NA,"3","3"
"1","5",NA,"1","1","2",NA,"1",NA,NA,"3"
"2","2","2","5","5","1","3","1",NA,NA,NA
NA,"3","3","6","5","2","3","1","9",NA,"2"
"3","1","2","6","4","1","3","1",NA,NA,NA
NA,"6","4","4","5","2",NA,"1","6",NA,"3"
NA,"3","2","2","5","1",NA,"1","4",NA,"4"
NA,"4",NA,"17","5","2","5","1",NA,NA,"8"
"2","1","1","3","4","2","5","1","6",NA,NA
NA,"5","1","8","5","2",NA,"1",NA,NA,"8"
"3","3",NA,"8","5","2",NA,"1","7","3",NA
NA,"6",NA,"10","5","2","6","1","13","1","5"
NA,"3","1","7","5","2",NA,"1",NA,"3",NA
"2","4","2","3","5","2",NA,"1","4",NA,NA
"1","4","4","3","5","2",NA,"1","8",NA,NA
NA,"4",NA,"16","5","3","2","1",NA,"3",NA
"2","5","1","7","5","2",NA,"1",NA,"2","3"
"2","6",NA,"5","5","2","3","1","11",NA,"5"
NA,"3","6","6","5","2",NA,"1","4","1",NA
NA,"4","1","5","5","2",NA,"1","9","3",NA
NA,"4","1","3","5","1","5","1",NA,"3","5"
NA,"3","2","5","5","2",NA,"1","10","1",NA
NA,"1",NA,"6","5","3",NA,"1","13",NA,NA
"3","4",NA,"5","2","3","2","1","11",NA,"4"
NA,"4",NA,"8","5","3","5","1","10","3","9"
NA,"4",NA,"9","4","3","5","1",NA,"3","5"
"1","5","5","5","4","2","2","1",NA,NA,"6"
NA,"7",NA,"11","5","2",NA,"1",NA,"2","5"
NA,"6",NA,"9","5","3","5","1",NA,"3","7"
NA,"4","2","6","5","1",NA,"1",NA,NA,"3"
NA,"4",NA,"4","5","4",NA,"1","14",NA,"3"
"1","3","1","4","5","2",NA,"1",NA,"1","5"
"3","4","3","3","4","2",NA,"1","8",NA,"4"
"3","7","2","6","5","2","2","1",NA,"1","4"
NA,"1","2","4","5","1",NA,"1",NA,NA,NA
NA,"3","2","5","5","2","5","1","12",NA,NA
NA,"4",NA,"3","4","3",NA,"1","11",NA,NA
NA,"2","1","5","5","2","3","1","9",NA,NA
NA,"6","1","5","5","2","3","1",NA,NA,"4"
NA,"3","1","7","5","1","3","1",NA,"3",NA
NA,"7","1","3","5","1",NA,"1",NA,NA,"3"
"1","3",NA,"6","4","2","2","1","3","3","4"
NA,"6","2","5","5","2","3","1",NA,NA,"5"
"3","2","2","8","5","2","3","1",NA,"3",NA
NA,"7","3","7","5","2",NA,"1",NA,NA,"4"
NA,"6","1","5","5","2",NA,"1",NA,"2","4"
"6","6","3","5","5","2",NA,"1",NA,"2","2"
"3","2","4","10","5","2","5","1","5","3",NA
NA,"1","1","7","5","1","3","1",NA,"3",NA
NA,"1",NA,"4","2","2","3","1","10","3",NA
"3","3","2","4","2","1","2","1",NA,NA,"4"
"2","4","2","5","5","2","4","1","9",NA,NA
"3","5",NA,"12","5","2","5","1",NA,"3","4"
"5","3",NA,"7","3","2","2","1","8","3","4"
"2","3","4","5","5","2","2","1","3",NA,NA
NA,"7",NA,"10","5","3",NA,"1","10","1","3"
NA,"3","2","4","5","2",NA,"1","9",NA,"4"
"2","7","1","6","5","1","6","1",NA,"1","4"
NA,"3",NA,"4","5","4","3","1","11",NA,NA
NA,"1","1","6","5","2","3","1","5","3",NA
"4","5","3","6","5","2",NA,"1","8",NA,"5"
"3","4",NA,"12","5","2","6","1",NA,NA,"5"
"4","7",NA,"11","5","3","2","1","14","3","5"
"2","3","1","6","5","1","5","1",NA,NA,NA
"2","6","1","7","5","2",NA,"1",NA,"1","6"
NA,"6","2","9","5","1",NA,"1",NA,"1","6"
NA,"3","1","4","5","2",NA,"1","8",NA,NA
"4","5",NA,"5","5","4","3","1","11","1",NA
"2","7","1","6","5","2","2","1",NA,"1","4"
"2","3","2","6","5","2",NA,"1","6",NA,"13"
"2","4","1","5","5","1",NA,"1",NA,"3","3"
NA,"5","1","4","5","2",NA,"1","12","1",NA
NA,"3",NA,"8","5","2",NA,"1",NA,"3","7"
NA,"7","2","7","5","2","3","1",NA,"1","5"
NA,"1","4","5","5","2","3","1","6",NA,NA
"4","5",NA,"5","5","3",NA,"1","10","3",NA
NA,"6",NA,"6","5","2",NA,"1","13",NA,"2"
"2","6","1","4","5","2",NA,"1",NA,"1","4"
NA,"7","2","6","5","3",NA,"1","11","1","3"
NA,"5","4","6","5","2",NA,"1",NA,"3","5"
"2","3","3","12","5","2","5","1",NA,NA,NA
NA,"7","1","4","5","2",NA,"1",NA,NA,"3"
NA,"4","2","3","4","1",NA,"1",NA,"3","3"
"2","6","1","5","5","2",NA,"1",NA,NA,"3"
"2","1","2","3","5","1",NA,"1",NA,NA,NA
"4","5","2","5","5","2",NA,"1","13","1","4"
NA,"4","1","5","5","1",NA,"1",NA,"3","5"
"3","3","4","6","5","2","5","1","6","3",NA
"3","7","1","7","5","2","4","1",NA,"1","4"
NA,"5","6","5","5","2",NA,"1",NA,NA,NA
"2","2","1","2","5","1",NA,"1",NA,"3",NA
NA,"7",NA,"16","5","2","3","1",NA,NA,"4"
NA,"5","1","6","5","1",NA,"1",NA,"1","3"
"3","5",NA,"6","5","3",NA,"1","10","2",NA
"3","1","2","5","5","1","5","1",NA,NA,NA
"3","1","2","9","5","1","5","1",NA,"3",NA
"3","7","2","6","5","2",NA,"1",NA,"1",NA
NA,"6","4","5","5","2","3","1",NA,NA,"4"
"2","2",NA,"5","5","3","5","1","11","2",NA
"2","3","2","3","5","1",NA,"1",NA,"1",NA
NA,"6","2","6","5","2","3","1",NA,"3","5"
"3","3","2","6","5","1","5","1",NA,"3",NA
"3","5",NA,"8","4","2","5","1",NA,"3","4"
NA,"3","2","8","5","2","5","1",NA,NA,"5"
NA,"1","2","4","5","1","5","2",NA,"3",NA
NA,"4","2","9","5","2","4","1",NA,"3","3"
NA,"6","2","7","5","2",NA,"1",NA,NA,"5"
NA,"7","3","4","5","2",NA,"1",NA,NA,"3"
"2","3","1","4","5","1",NA,"1",NA,NA,"3"
"2","3",NA,"11","3","2","7","2",NA,NA,NA
NA,"6",NA,"8","5","2","5","1",NA,"1","3"
"2","3",NA,"9","5","2","3","1","15","1",NA
"2","1","2","4","4","2",NA,"1","5",NA,NA
NA,"7","2","6","5","2",NA,"1",NA,NA,"3"
NA,"5",NA,"9","2","2","4","1",NA,"1","4"
NA,"2","1","5","5","1","3","1","7","3",NA
NA,"3",NA,"10","5","2","4","2","4","3",NA
"2","5",NA,"4","2","2",NA,"1","9",NA,"3"
NA,"1","2","6","5","1","4","1",NA,NA,NA
NA,"2","2","6","5","2","7","1","13",NA,NA
"2","5",NA,"4","2","2","2","1",NA,"3","3"
NA,"6","2","7","5","2",NA,"1",NA,"3","4"
NA,"1",NA,"7","5","3","3","1","12","1",NA
"4","4","4","7","5","2","3","1",NA,NA,NA
NA,"6",NA,"14","5","2","5","1",NA,NA,"8"
"2","5","2","3","4","2",NA,"1","11",NA,"4"
"3","5",NA,"8","5","3","5","1","6",NA,NA
NA,"6",NA,"7","5","3","6","1","10",NA,"6"
NA,"4","2","3","2","2",NA,"1","10","3","4"
"4","2","3","7","5","2","3","1",NA,"2",NA
"3","7","3","5","5","2","3","1","11",NA,"4"
"3","3",NA,"9","5","3","3","1","7","1",NA
NA,"4","1","6","5","2",NA,"1","13",NA,"6"
NA,"5",NA,"7","5","3","4","1","8","3",NA
NA,"5",NA,"8","5","2","3","1",NA,"3","5"
NA,"6",NA,"4","5","3",NA,"1","7","3","3"
NA,"6",NA,"7","5","4","3","1","11",NA,"6"
NA,"1","3","7","5","2","3","1","5","3",NA
"5","3",NA,"16","5","2","5","1",NA,"3",NA
"2","1","2","7","5","2","4","1","9",NA,NA
"3","5","3","6","5","2",NA,"1","6","3","3"
NA,"4",NA,"6","4","3","6","1","5","3",NA
NA,"7","6","3","3","1","3","1",NA,"2","5"
"3","3","3","6","5","2",NA,"1","6","3",NA
"1","1","2","6","5","2","6","1",NA,"3",NA
"2","7",NA,"6","5","2",NA,"1",NA,NA,"3"
"4","6","3","7","5","2","3","1","8","3","5"
"3","3","2","5","5","1",NA,"1",NA,"3",NA
"3","4","6","6","5","2",NA,"1",NA,"1",NA
NA,"3",NA,"7","3","2","5","1",NA,NA,NA
"2","7","2","7","5","1","3","1",NA,"3","5"
"1","4","2","4","5","2","3","1","7","1","2"
NA,"2","1","2","5","1",NA,"1",NA,NA,"3"
"4","3",NA,"9","5","2","2","1",NA,"2",NA
"4","7",NA,"6","5","3",NA,"1","13","3","5"
"4","5",NA,"8","5","2","3","1",NA,"3","9"
"3","2","2","4","5","2","3","1","12","1",NA
NA,"5","1","5","5","2",NA,"1",NA,"2","4"
"3","5","3","1","5","3",NA,"1","9","3",NA
NA,"7",NA,"7","5","2",NA,"1",NA,"1","3"
NA,"5","4","4","5","2",NA,"1","6","3","5"
"3","5","3","5","5","2","3","1","12","1","3"
NA,"5",NA,"6","4","2",NA,"1",NA,NA,"7"
"1","1","1","4","5","2","3","1","11",NA,NA
"3","2",NA,"7","5","2","4","1","4","3",NA
"4","4",NA,"5","5","3",NA,"1","11","1","3"
"3","3",NA,"6","5","3","3","1","4","3",NA
NA,"3","2","3","5","2","3","1","2","3",NA
NA,"4",NA,"5","3","2","3","1","4",NA,"4"
"3","3","2","5","5","1",NA,"1","5","3","5"
"4","5","2","7","5","2","3","1",NA,"3","6"
"2","5",NA,"11","5","2","4","1",NA,NA,"8"
NA,"5","3","9","5","2","6","1",NA,"3","9"
"3","4","2","3","5","3",NA,"1","7",NA,NA
NA,"3","5","5","5","2","3","1","3","3","5"
"2","5",NA,"12","5","2","5","1",NA,"3","11"
"3","4",NA,"5","5","4","3","1","10",NA,NA
NA,"4","2","5","5","3","3","1","7","3",NA
"1","1","3","4","4","1",NA,"1",NA,NA,NA
NA,"1","2","4","5","2",NA,"1","4",NA,NA
"3","6","2","8","5","2","3","1","9",NA,"4"
"3","3","2","8","5","2","3","1","8","3",NA
"2","1","3","6","4","2","2","1","7",NA,NA
NA,"4","2","7","5","2","6","1","12","2","4"
"2","2","4","7","5","1",NA,"1",NA,"3",NA
"3","7","2","7","5","2",NA,"1",NA,NA,"7"
NA,"4",NA,"4","5","3","3","1","11","1",NA
"3","5",NA,"6","5","3",NA,"1","11",NA,"6"
NA,"7","2","8","5","2","3","1",NA,NA,"6"
NA,"6","6","5","5","2",NA,"1",NA,NA,"5"
"2","1","1","3","5","2",NA,"1","6",NA,NA
NA,"1","1","3","4","2","4","1","10",NA,NA
"2","3",NA,"5","5","4",NA,"1","13",NA,NA
NA,"1","1","3","5","2","3","1","8","3",NA
NA,"5","4","6","5","2","3","1","7",NA,"4"
"2","4","1","4","5","2","3","1","8","1",NA
NA,"3",NA,"1","3","3",NA,"1","11","2","3"
NA,"4",NA,"6","5","4",NA,"1","13","1",NA
NA,"5",NA,"7","5","2","3","1",NA,"1","3"
"2","2",NA,"2","5","4",NA,"1","8","2",NA
"4","6","4","4","3","2",NA,"1",NA,"1","2"
"3","4",NA,"7","5","2","3","1","9",NA,"5"
"3","6","2","7","5","2",NA,"1",NA,"3","6"
"5","2",NA,"4","3","2",NA,"1","6","3","4"
NA,"5",NA,"7","5","3","3","1","7",NA,"6"
NA,"5",NA,"8","5","2",NA,"1",NA,"3",NA
"3","3","3","6","5","2",NA,"1",NA,NA,NA
NA,"4","2","5","5","2","4","1","4",NA,NA
"4","7","2","6","5","2",NA,"1",NA,NA,"3"
"3","4",NA,"5","5","4",NA,"1","9",NA,NA
"3","3","1","5","5","2","3","1",NA,"3",NA
"2","1","1","5","5","1","3","1","3","3",NA
"3","2","3","7","5","2","3","1","2",NA,NA
NA,"3","1","2","4","1",NA,"2",NA,NA,"5"
NA,"3",NA,"9","5","2","6","1",NA,NA,NA
"3","7",NA,"7","5","3",NA,"1","13",NA,"13"
NA,"1",NA,"5","2","2","2","1","12","1","4"
"2","1","1","3","5","1",NA,"1",NA,"3",NA
NA,"2","2","3","5","1",NA,"1","3","3",NA
NA,"5",NA,"11","5","2","5","1",NA,NA,NA
NA,"6","2","9","5","2","3","1",NA,"1","10"
"2","6",NA,"5","2","2",NA,"1",NA,"2","3"
NA,"3","1","4","5","2","4","1","7",NA,NA
"5","5",NA,"4","5","4",NA,"1","8",NA,"5"
NA,"3","1","2","5","2","5","1","11","1",NA
NA,"5",NA,"5","5","3","3","1","9",NA,NA
"3","7","2","6","5","2","2","1",NA,NA,"5"
"1","3",NA,"4","5","3",NA,"1","8","2",NA
NA,"2","1","5","5","1","3","1",NA,"3",NA
NA,"4",NA,"4","5","3","4","1","8","3",NA
NA,"2",NA,"9","5","2","3","1","5","3",NA
NA,"1","1","7","5","1","6","1","8","3",NA
NA,"5","2","7","5","2","3","1","16",NA,"3"
"2","3","5","5","5","2",NA,"1","4","1","2"
"2","1","3","4","5","2",NA,"1","5","3",NA
"3","1","5","5","5","2",NA,"1","5",NA,NA
"3","5","2","6","5","2","6","1","11",NA,"5"
"2","2","1","5","5","1","6","1",NA,"3",NA
"4","5",NA,"6","5","2","5","1",NA,NA,NA
"4","4",NA,"4","5","3","5","1","9",NA,NA
"2","3","1","3","5","2",NA,"1","9",NA,NA
"3","5",NA,"10","5","2","2","1",NA,"1","4"
NA,"5",NA,"14","5","2","4","1","8",NA,"7"
"2","4",NA,"6","5","3",NA,"1","9",NA,NA
"5","5","4","7","5","2","3","1",NA,"3",NA
NA,"5",NA,"9","5","2","4","1",NA,NA,"6"
"3","5","4","6","5","2",NA,"1",NA,"3","4"
"5","1","4","5","4","1",NA,"1",NA,"3",NA
"1","3","2","7","5","2","3","1","9",NA,NA
NA,"2",NA,"8","5","3","3","1","7",NA,NA
NA,"7","2","6","5","2",NA,"1",NA,"3","5"
NA,"2",NA,"3","5","3","3","1","10","3",NA
NA,"7",NA,"6","3","2","5","1",NA,"1","3"
NA,"3",NA,"6","5","3",NA,"1","12","2",NA
"2","1","1","3","5","1",NA,"1","2","3",NA
"3","2",NA,"10","5","3","5","1","6","3",NA
"3","5","5","8","5","2",NA,"1",NA,NA,"3"
"1","4","1","5","5","2","5","1","12",NA,"4"
"3","4",NA,"7","5","3",NA,"1","5","3","4"
"4","4","1","4","5","2",NA,"1","13","1",NA
"1","7","2","4","4","2",NA,"1",NA,"3","6"
"2","2","1","3","5","1","4","1","6",NA,"3"
NA,"5","2","5","5","3",NA,"1","9","3","5"
"5","5",NA,"9","5","2","4","1","12","2","4"
NA,"3",NA,"5","4","2","3","1",NA,"3","5"
NA,"5","1","3","4","2",NA,"1",NA,NA,"3"
"3","5","5","4","5","2",NA,"1","6","1","2"
NA,"5","2","5","5","1",NA,"1",NA,NA,"3"
"2","4",NA,"10","5","2","3","1",NA,"3",NA
"4","6",NA,"7","5","2",NA,"1",NA,"3","5"
NA,"2","3","8","5","2","6","1","8",NA,NA
"3","4","2","8","5","2",NA,"2",NA,NA,"3"
NA,"1",NA,"16","5","2","3","1",NA,NA,NA
NA,"6","1","4","5","2",NA,"1",NA,NA,"3"
NA,"7","1","4","5","1",NA,"1",NA,"3","13"
NA,"7",NA,"7","5","4",NA,"1","12","1","3"
"3","5","3","4","4","2",NA,"1",NA,NA,"7"
"1","7",NA,"8","5","2",NA,"1",NA,NA,"3"
NA,"3","3","6","5","1","3","1",NA,"3",NA
"3","3",NA,"8","5","3","6","1","13",NA,"4"
"2","4","2","6","5","1","6","1",NA,NA,"5"
NA,"3","1","4","5","2","6","1","12","3",NA
"2","2","2","2","5","1",NA,"1",NA,NA,"3"
"2","4",NA,"3","2","2","2","1","5","3","4"
NA,"5","1","4","5","1",NA,"1",NA,"3","5"
NA,"3",NA,"6","4","2","6","1","9","3",NA
NA,"6",NA,"6","5","3",NA,"1","9",NA,"8"
"3","3",NA,"4","4","4",NA,"1","9","3",NA
"2","7","1","7","5","2","3","1",NA,NA,"4"
NA,"3","3","5","5","2","4","1","4","3",NA
NA,"6",NA,"4","5","3",NA,"1","13","1",NA
"3","6",NA,"9","5","2",NA,"1",NA,"3","7"
"5","1",NA,"10","5","3","5","1","6","3",NA
NA,"5","4","5","4","2",NA,"1","7","3","3"
NA,"1","4","9","5","2","5","1","5",NA,NA
NA,"7","2","6","5","2","7","1",NA,NA,"9"
NA,"2","2","8","5","2","3","1","9",NA,NA
"3","1",NA,"11","5","2","6","1",NA,"2",NA
"1","2","2","5","4","1","5","1","2","3",NA
"2","3","2","7","5","1",NA,"1",NA,"1","3"
"3","4",NA,"8","5","2","6","1",NA,"1","4"
NA,"7","1","5","5","2",NA,"1",NA,NA,"4"
NA,"5","1","6","5","2",NA,"1","12","3","5"
"3","3","4","6","5","2","5","1","7","3",NA
"3","6","2","7","5","2","6","1","9","3","5"
NA,"3","2","7","5","2","5","1","9",NA,NA
"4","3",NA,"14","5","2","5","1",NA,NA,NA
"6","6","1","6","5","2",NA,"1",NA,"1","4"
"3","5","4","7","5","2","3","1",NA,NA,"13"
NA,"3","3","6","5","2","3","1","7","3",NA
NA,"3","4","5","5","2",NA,"1","4","2",NA
NA,"4","3","4","5","2",NA,"1",NA,"3",NA
"2","1","1","4","4","1","6","1","6",NA,NA
NA,"7",NA,"5","4","2",NA,"1",NA,NA,"8"
NA,"7",NA,"9","5","2","5","1",NA,"1","4"
NA,"6","4","6","5","2",NA,"1",NA,NA,"4"
NA,"6","1","3","5","2",NA,"1",NA,NA,"4"
"2","3","2","7","5","2","3","2",NA,NA,NA
NA,"3",NA,"5","3","2","3","1","6","3","4"
"3","3","2","4","5","1","5","1",NA,"3","9"
"2","7","1","7","5","2",NA,"1",NA,NA,"5"
"3","3","2","5","4","1",NA,"1","5","3","4"
"4","3","2","7","5","2",NA,"1","8",NA,NA
NA,"3","1","4","5","2","4","1","9",NA,NA
"2","7","2","7","5","2","3","1",NA,"1","6"
"2","5","1","3","4","2",NA,"1",NA,"3","8"
NA,"1",NA,"3","3","4",NA,"2","6",NA,NA
NA,"5",NA,"11","5","2","3","1","7",NA,"4"
"2","1","2","3","5","2",NA,"1","3",NA,NA
NA,"2","2","5","5","1","5","1",NA,"3",NA
"1","3",NA,"4","2","2","1","1","7","3","4"
NA,"5",NA,"5","5","3",NA,"1","13","1","4"
"4","1","4","6","4","2","3","1",NA,"1",NA
NA,"4","1","4","5","3",NA,"1","10","3",NA
NA,"5","7","6","5","2",NA,"1","5","3","3"
NA,"3",NA,"7","5","3","2","1","10","1",NA
"2","7",NA,"6","5","3",NA,"1","14","1","3"
"2","1","1","4","5","1","3","1","3","3",NA
NA,"1",NA,"9","5","3","3","1","12",NA,NA
"2","6","1","5","5","1",NA,"1",NA,"3","4"
"3","7",NA,"9","5","2","6","1",NA,"3","4"
NA,"4","2","4","5","1",NA,"1",NA,"3","5"
NA,"7",NA,"4","5","4",NA,"1","10","3","3"
"5","5","3","8","5","2","2","1",NA,"3","4"
"2","3",NA,"4","5","3",NA,"1","6",NA,NA
NA,"7",NA,"7","5","2","3","1",NA,"3","5"
"3","4","2","3","3","1",NA,"1",NA,NA,"3"
NA,"3",NA,"9","5","3","3","1","11",NA,NA
NA,"6",NA,"9","5","2",NA,"1",NA,"3","6"
"1","7",NA,"5","1","2","2","1","15",NA,"3"
"4","5",NA,"13","5","2",NA,"1",NA,"1",NA
NA,"2",NA,"6","5","4",NA,"1","11","3",NA
"5","4",NA,"5","5","3",NA,"1","11",NA,NA
"3","6","2","5","5","2",NA,"1","11",NA,NA
"3","3","2","2","5","1","4","1","4","3","5"
NA,"1","2","5","5","1","5","1",NA,NA,NA
NA,"6","2","6","5","2",NA,"1",NA,NA,"4"
NA,"5",NA,"5","5","3",NA,"1","10",NA,"4"
"1","5","1","4","5","1","3","1",NA,NA,NA
"1","3","2","4","5","1",NA,"1",NA,"1","3"
"3","4",NA,"5","5","3","5","1","9","3","8"
"3","3","2","2","5","2",NA,"1","5",NA,NA
"3","5",NA,"6","5","3","3","1","8",NA,NA
NA,"1",NA,"4","5","3","3","1","10","3",NA
NA,"6",NA,"7","5","3","5","1","12","2","5"
NA,"7",NA,"5","5","3",NA,"1","11",NA,"3"
NA,"7","2","9","5","2",NA,"1",NA,"3","5"
"3","5","2","6","5","2",NA,"1","15",NA,"13"
NA,"3","1","6","5","2",NA,"1","12",NA,NA
NA,"7",NA,"12","5","2","3","1",NA,"1","4"
"3","3","4","5","5","2","4","1","5","3",NA
NA,"1",NA,"9","5","2","3","1","7","1",NA
"3","4","4","4","5","1","2","2",NA,"1","3"
NA,"4","2","7","5","1","3","1",NA,"3","5"
"4","5","6","4","5","2",NA,"1","7","3","3"
"3","4",NA,"3","5","3",NA,"1","12",NA,NA
NA,"4","6","6","5","2","3","1",NA,"3",NA
"5","6",NA,"6","3","2",NA,"1","8","3","4"
"3","4","3","7","5","2","6","1","5","3","7"
NA,"5","2","9","5","2","6","1","9","3","6"
"3","7",NA,"7","5","2","2","1",NA,NA,"3"
NA,"3",NA,"6","2","3","3","1","7",NA,NA
NA,"5",NA,"8","5","2","5","1",NA,NA,"13"
NA,"5",NA,"4","4","2",NA,"1",NA,NA,"7"
"2","5","1","4","5","2",NA,"1","12","1","3"
"4","5","3","7","5","2","3","1",NA,"3","9"
"3","1","1","7","5","1","4","1",NA,"3",NA
NA,"3",NA,"3","3","2","6","1","5","3","6"
"4","2",NA,"15","5","2","4","1",NA,NA,NA
NA,"3",NA,"5","5","3",NA,"2","8","3",NA
"4","7","3","6","5","2","3","1",NA,"2","3"
NA,"6","2","3","5","3",NA,"1","11",NA,"2"
"2","4","1","1","5","3",NA,"1","8",NA,NA
NA,"3","1","5","5","1","3","1","4",NA,"3"
NA,"4",NA,"6","5","3","3","1","13",NA,NA
NA,"4","4","5","5","2",NA,"1","7",NA,NA
"3","7",NA,"16","5","2","6","1",NA,"3","8"
NA,"5","1","7","5","1","6","1",NA,NA,"3"
NA,"1",NA,"10","5","3","6","1","9",NA,NA
NA,"4","3","4","5","1","4","1",NA,NA,NA
"4","5","6","5","4","2",NA,"1","7",NA,"7"
NA,"6","1","4","5","1",NA,"1",NA,NA,"5"
"3","6",NA,"8","5","2",NA,"1",NA,"1","11"
NA,"6",NA,"10","5","2",NA,"1",NA,"3","13"
NA,"1",NA,"6","5","3","4","1","12","1",NA
NA,"3",NA,"9","4","3","3","1","11","3",NA
NA,"5",NA,"2","2","2","2","1","13","1","3"
NA,"2","4","4","4","1","3","1",NA,"2","2"
"3","6",NA,"8","5","4",NA,"1","10","1","3"
"3","4","3","7","5","2","3","1",NA,NA,"4"
"3","5","2","3","5","2",NA,"1",NA,"1",NA
NA,"3",NA,"4","4","2","5","1","3",NA,NA
"3","3","6","7","5","2","6","1",NA,"3",NA
NA,"4","2","8","5","1",NA,"1",NA,NA,"13"
"3","1",NA,"4","5","4","3","1","9",NA,NA
NA,"3","2","8","5","1","3","1",NA,NA,"5"
NA,"4",NA,"7","5","4",NA,"1","10",NA,NA
"4","7",NA,"7","5","3",NA,"1","12","1","4"
"3","7","3","6","5","2",NA,"1",NA,NA,"4"
"2","7",NA,"7","5","2",NA,"1",NA,"2","3"
"7","4","2","4","5","2","3","1","12","1","5"
"5","7",NA,"7","5","2","3","1",NA,NA,"4"
"2","6","2","7","5","2",NA,"1","9","3","13"
"2","6",NA,"6","4","2",NA,"1","12",NA,"5"
"1","2",NA,"11","4","2","3","1","3","3",NA
NA,"3","2","5","5","2",NA,"1","9",NA,NA
"3","4","3","4","5","2",NA,"1","8","3",NA
NA,"1",NA,"5","5","4","3","1","11",NA,NA
"1","7",NA,"8","5","3",NA,"1","16",NA,"5"
"4","3",NA,"6","2","3","2","1","6","3",NA
"3","7","2","7","5","2","5","1",NA,"1","5"
NA,"1","3","2","4","1","4","1","2",NA,NA
"3","6","3","5","5","2",NA,"1",NA,NA,"5"
"5","5",NA,"9","4","2","3","1","9",NA,"4"
"4","3",NA,"7","5","3","6","1","6",NA,NA
NA,"6","2","6","5","2","3","1",NA,"1",NA
"3","3",NA,"9","5","2","5","1","4","3",NA
NA,"3","2","4","5","2","3","1","4","3",NA
"2","7",NA,"11","5","3","3","1",NA,"3","11"
"2","3",NA,"5","5","3","3","1","13","2",NA
NA,"4",NA,"5","2","2",NA,"1","9",NA,"2"
"3","3","4","10","5","1","3","1",NA,"3",NA
"2","3",NA,"5","3","2",NA,"1","11","3",NA
"3","2","2","4","4","2",NA,"1","5",NA,"8"
"3","2","2","5","5","1","3","1","2","3","4"
NA,"6","3","5","5","2",NA,"1",NA,"3","4"
"2","5","1","4","5","2","3","2","9",NA,"6"
NA,"7","2","5","5","2",NA,"1",NA,"1","4"
NA,"5","2","8","5","2","2","1",NA,NA,"3"
"3","5","3","6","5","2",NA,"1",NA,NA,"5"
NA,"7","2","8","5","2","6","1",NA,"1","10"
"3","5","2","6","5","2","3","1","12",NA,"3"
NA,"4",NA,"8","5","3","3","1","6","3",NA
NA,"5","1","3","5","2",NA,"1","8",NA,"7"
"4","6",NA,"6","4","3","5","1","10","3","7"
"3","1","4","5","5","2","3","1",NA,NA,NA
"3","7","2","5","5","3",NA,"1","12","3","4"
"3","1","3","7","5","2","5","1","4","3",NA
"2","1","1","3","5","1","3","1","9","3",NA
"1","5","1","6","3","2","2","1","14","1","3"
NA,"2",NA,"1","1","2","1","1","12",NA,"3"
"2","5",NA,"8","5","4","3","1","14","1",NA
"3","1",NA,"4","4","2",NA,"1","3",NA,NA
NA,"7","2","6","5","2",NA,"1",NA,"1","4"
NA,"6",NA,"4","5","3","2","1","16",NA,NA
NA,"3",NA,"17","5","2","5","1",NA,"1","2"
NA,"3","2","6","5","2",NA,"1","15","1",NA
"2","7",NA,"10","5","3","6","1",NA,"1","3"
"1","3","2","5","5","2","1","1","11",NA,NA
"4","6",NA,"10","5","2","6","1",NA,"1","13"
NA,"3","4","5","5","2",NA,"1","4",NA,NA
NA,"5",NA,"6","4","3","6","1","9",NA,"9"
NA,"3","1","6","5","1",NA,"2",NA,"3","4"
NA,"3","2","4","5","2","6","1","5",NA,NA
"5","4",NA,"13","5","2","3","2",NA,"3","5"
"3","4",NA,"7","5","2",NA,"1","4","3","6"
NA,"5","2","8","5","2","3","1",NA,"1","3"
NA,"3","1","5","5","2",NA,"1","13","1",NA
"4","7",NA,"8","4","2","5","1","11","1","4"
NA,"1",NA,"8","5","2","3","1","9","1",NA
"2","1","4","4","4","2","3","1","4",NA,NA
NA,"4","1","2","5","1",NA,"2",NA,"1","3"
"3","7",NA,"9","5","2","5","1",NA,NA,"4"
NA,"7","2","5","5","2","3","1",NA,"1","3"
"1","1",NA,"3","5","3","3","1","12","2",NA
NA,"6","1","8","5","3","5","1","12","2","5"
NA,"5",NA,"17","5","2","3","1",NA,"3","9"
NA,"5",NA,"9","5","2","3","1",NA,"3","5"
"3","1","3","9","5","2","6","1","5",NA,NA
"2","6","2","5","5","2","3","1","12","1","3"
"3","5",NA,"9","4","2","4","1","8","3","6"
"4","7","3","6","5","2",NA,"1",NA,"1","3"
NA,"3",NA,"11","5","3","3","1","11",NA,NA
NA,"6",NA,"7","5","2","5","1",NA,NA,"5"
NA,"1",NA,"3","1","2","2","1","5",NA,"5"
"3","2",NA,"10","5","2","5","1",NA,"3",NA
"1","6",NA,"8","4","2","3","1",NA,NA,"3"
"4","5","4","6","5","2",NA,"1","14","1","3"
"3","3",NA,"7","5","3","3","1","8",NA,NA
NA,"4","2","8","5","3","3","1","11","1",NA
NA,"3",NA,"5","5","3","3","1","9","2",NA
"2","6",NA,"8","5","2","6","1",NA,NA,"5"
NA,"5",NA,"5","5","3",NA,"1","12","1","4"
NA,"5",NA,"6","5","4",NA,"1","12","1",NA
"3","3","4","5","5","2","3","1","6","3",NA
"2","4","1","7","5","1",NA,"1","7",NA,"7"
NA,"3",NA,"6","5","3",NA,"1","8",NA,NA
"2","1","1","6","5","2","5","1","8",NA,NA
NA,"3","7","6","5","2","5","1","6","3",NA
NA,"5",NA,"11","5","3","5","1","12","1","3"
NA,"5",NA,"7","5","2","5","1",NA,"3","7"
"4","6","3","6","5","1","5","1",NA,"2","5"
"2","1","1","4","5","1","5","1","5",NA,NA
NA,"5","1","6","5","2","3","1",NA,NA,"2"
"3","1",NA,"8","5","2","3","1","4",NA,NA
NA,"5",NA,"9","5","3","7","1","13","3","9"
NA,"4",NA,"7","5","3",NA,"1","12","1",NA
"3","5",NA,"7","5","3","6","1","14","1","7"
"3","2","2","5","5","2","5","1","15",NA,NA
"3","3","2","3","5","3",NA,"1","7","3",NA
NA,"4",NA,"10","5","2","6","1",NA,"3",NA
"3","3",NA,"6","2","1","3","1",NA,"3","3"
NA,"5","1","5","5","1",NA,"1",NA,"3","4"
NA,"4","4","4","5","2",NA,"1",NA,NA,NA
NA,"2",NA,"4","4","2",NA,"1","4",NA,NA
"2","2","1","4","4","1","5","1",NA,"3",NA
"2","7","2","4","5","2",NA,"1",NA,"3","5"
"3","3",NA,"5","5","3",NA,"1","14","2","5"
"4","5",NA,"6","4","2",NA,"1",NA,"1","4"
NA,"2","2","5","5","2",NA,"1","6","3",NA
NA,"4","4","6","5","2",NA,"1","4","3",NA
NA,"4","1","4","5","2","6","1","10",NA,"7"
"3","7",NA,"9","5","2","3","1","13",NA,"7"
"4","5",NA,"7","2","2","4","1","11","3","5"
"3","5","3","5","5","1",NA,"1",NA,"1","3"
NA,"5",NA,"7","5","3","4","1","8",NA,NA
"2","1","1","5","4","2","5","1","13","3",NA
NA,"4",NA,"7","4","2","6","1","7","3","8"
NA,"4",NA,"4","5","4","3","1","7",NA,NA
"2","4","1","5","5","2",NA,"1","11","3","8"
"3","5","2","4","3","1",NA,"1",NA,"3","4"
"3","3","4","7","5","2","5","1",NA,"3",NA
NA,"5",NA,"12","5","2","5","1",NA,NA,"4"
"2","7","1","4","5","1","3","1",NA,NA,"4"
NA,"5",NA,"7","5","4",NA,"1","11","3",NA
NA,"4",NA,"17","5","2","5","1",NA,NA,"2"
"2","1","1","4","5","1","5","1",NA,NA,NA
NA,"1","4","7","5","1","3","1","2",NA,NA
NA,"7","2","7","5","2","3","1",NA,NA,"7"
"2","3",NA,"6","4","2","6","1","6",NA,NA
"5","7","2","4","5","2","3","1",NA,"3","6"
"3","4","3","4","4","1","2","1","8","3","3"
"3","3",NA,"8","4","2","6","1",NA,"2","6"
"1","4",NA,"4","4","3",NA,"1","5",NA,"6"
NA,"5","1","6","4","2","5","1",NA,NA,"4"
"4","6","2","8","5","2","5","1",NA,"1","4"
"4","3",NA,"6","5","4","3","2","8","3",NA
NA,"3","1","9","5","1","3","1",NA,"3",NA
NA,"3","1","6","5","2","4","1","8","3",NA
"4","5",NA,"6","5","3","3","1",NA,NA,NA
"3","6","2","7","5","2","4","1",NA,"3","7"
NA,"7",NA,"12","5","2","5","1",NA,NA,"4"
"1","1","1","3","5","1",NA,"1","2","3",NA
"3","3","3","3","5","1",NA,"2",NA,"3",NA
NA,"1","4","4","5","2","3","1","7","3",NA
NA,"5","4","7","5","2","6","1",NA,NA,"3"
NA,"4","5","1","4","2",NA,"1","7","3","6"
NA,"4","4","6","5","1",NA,"1",NA,"3","4"
"2","5","1","7","5","1","5","1",NA,"3","7"
NA,"6",NA,"5","4","3",NA,"1",NA,"3","3"
"2","6","2","5","4","1","3","1",NA,NA,"3"
"2","5",NA,"7","5","3",NA,"1","8",NA,"3"
NA,"7","1","7","5","1",NA,"1",NA,NA,"4"
NA,"1","3","4","5","1",NA,"1",NA,NA,NA
"3","3","2","4","5","2",NA,"1",NA,NA,NA
NA,"2","2","6","5","2","3","1","7","3",NA
"2","7","1","5","5","2",NA,"1",NA,NA,"4"
"3","4","2","4","5","1","6","1",NA,"3",NA
"3","2","3","7","5","2","6","1","8","3",NA
"3","7","2","5","5","2",NA,"1",NA,NA,"4"
"3","6",NA,"9","5","3","3","1","9",NA,"3"
"3","7",NA,"6","5","2",NA,"1",NA,"2","5"
"5","7",NA,"5","5","4",NA,"1","10",NA,"4"
NA,"3",NA,"8","5","2","3","1",NA,NA,NA
"2","3","6","4","5","2",NA,"2","6",NA,"4"
"3","1","4","7","5","1","3","1",NA,NA,NA
"3","7","2","5","5","2",NA,"1",NA,"3","3"
"4","5",NA,"4","3","2","5","1",NA,"1","3"
"3","6","2","5","5","2",NA,"1",NA,NA,"5"
"4","7","2","6","5","2",NA,"1",NA,"3","7"
NA,"3",NA,"7","4","2","5","1","6",NA,"8"
"1","6",NA,"8","5","2","3","1",NA,"1","5"
NA,"7","1","4","5","2",NA,"1","14",NA,"3"
"2","3","1","7","5","1","4","1",NA,"3","7"
"2","3","3","2","4","2",NA,"1","4","3",NA
"5","6",NA,"16","5","2","3","1",NA,"2",NA
NA,"3","4","5","5","2",NA,"1","7",NA,NA
"3","5","3","7","5","2","3","1",NA,NA,NA
NA,"3",NA,"7","5","4","5","1","11",NA,NA
"3","3",NA,"8","5","2","3","1","12",NA,NA
"4","5","4","5","5","2",NA,"1",NA,NA,"3"
NA,"1",NA,"6","5","4","3","1","9","2",NA
NA,"2","5","7","5","2",NA,"2","8",NA,NA
"1","7",NA,"13","4","3","3","1",NA,"1","3"
NA,"3","3","6","5","2","6","1","7","3",NA
"2","7","2","11","5","1","5","1",NA,NA,"4"
NA,"5","1","4","5","1",NA,"1",NA,NA,"6"
"3","3",NA,"10","5","2","5","1","5",NA,NA
NA,"5","4","5","5","2","3","1",NA,"3","7"
"4","3",NA,"12","5","2","6","1","5",NA,NA
NA,"3","2","4","5","2","4","1",NA,NA,NA
"2","3","2","3","5","1",NA,"1",NA,"3",NA
NA,"3","1","3","5","2",NA,"1","12","1",NA
NA,"2","2","3","5","1",NA,"1","2",NA,NA
"3","2",NA,"10","5","3","5","1","5","3",NA
NA,"6",NA,"6","5","4",NA,"1","14",NA,"3"
"3","3","4","5","5","2",NA,"1",NA,"3",NA
"2","4","1","5","5","2","3","1","5","3",NA
NA,"7","1","5","5","2",NA,"1",NA,"3","4"
NA,"6",NA,"8","5","3",NA,"1","11",NA,"3"
"4","5","2","7","5","2","3","1",NA,"3","3"
"4","5",NA,"3","5","2","3","1","11","2","3"
NA,"5",NA,"5","4","3",NA,"1","10",NA,"5"
"4","6","3","6","5","2",NA,"1",NA,NA,"6"
"4","5","3","7","5","2",NA,"1","8","3","6"
"3","1","3","4","5","2","4","1","6","3",NA
NA,"3",NA,"10","5","2","6","1",NA,"3",NA
NA,"7",NA,"6","5","3",NA,"1",NA,"1","3"
NA,"4",NA,"7","5","3","3","1","7",NA,NA
NA,"5",NA,"8","5","2","7","1","9","3","8"
NA,"7","1","4","5","1","6","1",NA,"2","4"
NA,"3","1","7","5","1","3","1",NA,"3","7"
"3","3","2","5","5","2","4","1","11","3","9"
"5","5",NA,"10","5","2","3","1",NA,"3",NA
"2","1",NA,"8","5","2",NA,"1","2","3",NA
"3","6","6","5","5","3","3","1","7",NA,"5"
NA,"3","1","2","5","2",NA,"1","8","3",NA
NA,"5","1","4","5","3","3","1","14","3","3"
NA,"1","1","6","5","2",NA,"1","7","3",NA
NA,"7",NA,"9","5","3","6","2",NA,NA,"5"
"4","6",NA,"8","5","2","6","1",NA,NA,"11"
"3","3",NA,"11","5","2","5","1",NA,NA,NA
NA,"4","1","6","5","2","5","1","11","3",NA
"3","4","4","6","5","2","4","1",NA,NA,NA
"2","3","1","1","5","3","3","1","9","3",NA
"2","6","2","9","5","2","3","1",NA,"2","10"
"3","5","1","2","5","1",NA,"1",NA,NA,"5"
NA,"4","2","6","5","2","3","1",NA,NA,"4"
"2","2",NA,"4","5","3",NA,"1","13","1",NA
NA,"3","3","10","5","1","6","2",NA,"3","7"
"3","4","3","5","5","2",NA,"1",NA,"3",NA
"3","3",NA,"7","5","2","2","1","8","3",NA
NA,"4","3","6","5","1","3","1",NA,"3",NA
"2","7",NA,"8","5","3",NA,"1","13","3","3"
NA,"3",NA,"6","5","3","3","1","12",NA,NA
"2","1",NA,"5","3","2","6","1","8","3",NA
"2","4","1","5","5","2","2","1","13",NA,"3"
"7","5",NA,"5","5","4","2","1","8","3","13"
"5","5",NA,"10","5","2","5","1",NA,NA,"7"
NA,"5","2","5","5","2",NA,"1","12",NA,"13"
"2","5","1","4","5","1","3","1",NA,NA,"4"
"2","1","1","7","5","2","3","1",NA,NA,NA
NA,"4","2","4","5","2",NA,"1","6","3","3"
NA,"2","2","3","5","1",NA,"1",NA,"3",NA
"1","5","1","2","5","1","3","1",NA,NA,"3"
NA,"4",NA,"11","5","2","7","1",NA,"3",NA
"2","5","1","5","5","2","5","1",NA,"2","3"
"2","2","1","6","5","1","5","1",NA,"3","4"
NA,"3",NA,"16","5","2","5","1",NA,"3",NA
NA,"6",NA,"8","5","2",NA,"1",NA,NA,"5"
"3","2",NA,"14","5","2","5","1",NA,NA,NA
"3","3","6","4","5","3",NA,"1","6","3",NA
NA,"6",NA,"5","5","3",NA,"1","7",NA,NA
NA,"5","4","6","5","2",NA,"1","9","3","8"
"2","3",NA,"4","5","4",NA,"1","10","3",NA
"5","6",NA,"9","5","3","3","1",NA,"3","5"
NA,"4","2","3","5","2",NA,"1","9","1","3"
"1","4",NA,"1","3","3",NA,"1","13","1","4"
"2","3",NA,"8","5","3","2","1","10",NA,NA
NA,"5",NA,"9","5","2","7","1",NA,"3","7"
"3","7","2","9","5","2","5","1",NA,"1","6"
"2","4","1","2","5","1",NA,"1",NA,"3","3"
"3","2","5","6","5","2","3","1","6","3",NA
NA,"3","2","8","5","2","3","1",NA,NA,NA
"2","2","2","4","4","1",NA,"2",NA,NA,"5"
"3","4","4","5","5","2",NA,"1","5","3","13"
"5","2","2","5","5","2",NA,"1","3",NA,NA
"3","5",NA,"9","4","2","6","1",NA,NA,"5"
NA,"3","5","7","5","2","3","1","3",NA,NA
NA,"3","4","5","5","1",NA,"1",NA,NA,NA
"3","5","3","5","5","2","5","1",NA,NA,"5"
NA,"5",NA,"17","5","2","5","1",NA,"3","13"
"3","7","1","4","5","2",NA,"1",NA,NA,"5"
"2","3","1","3","5","2",NA,"1","16","1",NA
"2","2","2","2","5","2",NA,"1","11",NA,NA
"2","1","1","4","5","1",NA,"1","1","3",NA
"3","3","4","8","5","2","5","1","5","3",NA
NA,"4","3","5","4","1",NA,"1",NA,"1","4"
"2","3",NA,"8","5","3","5","1","12","3",NA
"2","1",NA,"8","4","2","4","1","12","1",NA
"4","5",NA,"11","5","2","6","1","8",NA,NA
"2","1",NA,"3","2","2","3","1","11","1",NA
NA,"4","1","3","5","1",NA,"2","6","3",NA
"4","4",NA,"6","5","4",NA,"1","7",NA,NA
"4","4",NA,"9","2","2","1","1",NA,"3","4"
NA,"4","3","4","5","2",NA,"1","6","3",NA
"5","6",NA,"3","5","4","3","1","9",NA,"3"
NA,"5",NA,"6","2","3","1","1","14","1","4"
"3","5",NA,"8","5","2","3","1",NA,NA,NA
"3","5",NA,"6","5","4","3","2","12",NA,NA
"5","7",NA,"9","5","2","5","1","9","3","9"
NA,"1","1","3","5","1",NA,"1","6",NA,NA
NA,"5",NA,"10","5","2","6","1",NA,"3","6"
"3","5","2","3","5","3",NA,"1","10",NA,"4"
"3","1",NA,"5","5","3","3","1","10",NA,NA
"2","6",NA,"6","5","3",NA,"1","15","1","4"
"3","4","4","7","5","2",NA,"1",NA,NA,"11"
NA,"5","2","3","5","2",NA,"1","13","1","4"
"4","3",NA,"7","4","2","3","1",NA,NA,"3"
"1","7",NA,"4","5","3",NA,"1",NA,NA,"3"
"2","6",NA,"10","5","4","3","1","8",NA,"4"
NA,"5","4","6","5","2","3","1",NA,"3",NA
"3","3",NA,"9","5","2","6","1",NA,NA,NA
"2","7","1","5","5","1",NA,"1",NA,NA,"3"
NA,"4","3","6","5","2","2","1",NA,"3",NA
"1","7","1","5","5","2",NA,"1",NA,NA,"3"
"4","6",NA,"6","5","3",NA,"1","10","2",NA
NA,"4","2","6","5","2","4","1",NA,"3","4"
"2","1","2","4","5","1",NA,"1","3","3",NA
"7","5","5","9","5","2","3","1",NA,NA,"4"
"2","4",NA,"5","2","2","2","1",NA,NA,"2"
NA,"3",NA,"8","5","2","3","1",NA,NA,NA
"2","1","1","3","5","1","3","1",NA,"3",NA
"3","3","1","4","5","2","3","1","2",NA,NA
"3","4","2","6","5","2","2","1",NA,"1","4"
NA,"3","3","8","5","2","3","1","4",NA,NA
NA,"7","3","6","5","2",NA,"1",NA,NA,"3"
"2","1",NA,"7","5","2","3","1","3","3",NA
NA,"6",NA,"7","5","2",NA,"1",NA,"3","5"
NA,"4","1","3","5","2",NA,"1","9","3",NA
"3","6","2","5","5","3",NA,"1",NA,NA,"3"
"3","2","2","7","5","2",NA,"1","9","2",NA
NA,"3","1","4","5","2",NA,"1",NA,"3",NA
"2","1","1","3","5","1","3","1","12",NA,NA
"3","5",NA,"16","5","2","5","1",NA,NA,"13"
"3","3","2","5","5","2","6","1","9","3",NA
NA,"1","1","4","5","2","5","1","5","3",NA
NA,"2","3","3","4","1","3","1",NA,NA,NA
"3","3","2","8","5","1","5","1","3",NA,"5"
NA,"7","2","5","5","2",NA,"1",NA,NA,"3"
NA,"2",NA,"6","5","2","3","1","13",NA,NA
NA,"6",NA,"7","5","3",NA,"1","12","1","7"
NA,"5",NA,"5","5","3",NA,"1","9","3",NA
NA,"4",NA,"7","5","2",NA,"1","7",NA,NA
NA,"6",NA,"9","5","2","3","1",NA,"2","5"
"2","4","2","4","5","2",NA,"1",NA,"3",NA
"3","4","4","3","5","1",NA,"1","4",NA,"11"
"4","7",NA,"7","5","3","3","1","13","1","6"
NA,"5","1","4","5","2",NA,"1",NA,NA,"3"
NA,"6","2","4","5","2",NA,"1","11",NA,"5"
"1","3","4","4","4","1",NA,"1",NA,"1","3"
"4","6","3","7","5","2","4","1","9","3","4"
"3","6",NA,"5","5","3",NA,"1","7",NA,"4"
NA,"3","4","7","5","2",NA,"1","4",NA,NA
NA,"1","3","4","5","1",NA,"1",NA,"3",NA
NA,"5",NA,"3","5","4",NA,"1","16","1",NA
NA,"4","3","4","5","2",NA,"1","7","3",NA
NA,"3","1","7","5","1","6","1","5","3","5"
NA,"2","4","4","3","2",NA,"1","2",NA,NA
NA,"5","3","10","5","2","6","1",NA,"3","3"
NA,"4","2","12","5","1","3","1",NA,NA,"4"
"2","4",NA,"4","1","2","2","1",NA,"3","4"
"4","6",NA,"6","5","3","3","1","10",NA,NA
NA,"4","2","5","5","1",NA,"1",NA,NA,"6"
NA,"5",NA,"6","5","2",NA,"1","5","3","5"
"5","6",NA,"6","3","3","5","1",NA,NA,"3"
NA,"3","1","3","5","1",NA,"1",NA,"1",NA
NA,"3","5","9","5","2","5","1",NA,"3",NA
"4","7","2","7","5","2",NA,"1",NA,NA,"2"
"2","1","5","7","4","2","2","1","5",NA,NA
"3","7",NA,"5","5","3",NA,"1","10","2","4"
"5","3",NA,"13","5","3","6","1","6",NA,NA
NA,"6",NA,"11","4","2","3","1",NA,"1","3"
"2","4",NA,"4","5","4","2","1","14","1",NA
NA,"3","2","6","5","2",NA,"1","7","3",NA
NA,"5",NA,"8","5","2",NA,"1",NA,"1","3"
"2","1","2","3","5","1",NA,"1","2","3",NA
"2","7","1","5","5","1",NA,"1",NA,NA,"7"
"3","6","2","7","5","2",NA,"1",NA,NA,"4"
"2","4","3","1","5","1",NA,"1",NA,NA,"3"
NA,"3","1","3","5","1",NA,"1",NA,"1",NA
"3","2",NA,"5","5","3",NA,"1","6",NA,NA
"4","5","4","9","5","2","3","1",NA,"3","4"
"3","4",NA,"16","5","2","5","1",NA,"3","9"
NA,"3","3","6","5","2",NA,"1","4",NA,NA
"2","3","1","5","5","3",NA,"1","13","1",NA
NA,"5",NA,"6","5","3",NA,"1","9","3","4"
"3","4","2","4","5","1",NA,"1",NA,NA,"5"
"4","2","5","9","5","2",NA,"1","7","3",NA
"3","5","1","6","5","2","3","1",NA,"1","6"
"3","5",NA,"10","5","2","5","1",NA,NA,"4"
"4","5",NA,"6","3","2","3","1","6","3","6"
NA,"7","1","5","5","2","6","1",NA,NA,"5"
"3","3",NA,"9","5","2","6","1","4",NA,NA
"3","1","5","6","5","2","3","1","3","3",NA
"4","2",NA,"12","5","2","3","1",NA,"3",NA
NA,"7","1","7","5","2","3","1",NA,"1","4"
"3","5",NA,"7","5","3","3","1","9",NA,NA
"4","6","3","7","5","2","3","1",NA,"3","7"
"3","4",NA,"6","2","2","2","1","7","3","4"
NA,"7","2","7","5","2","6","1",NA,"1","5"
NA,"6","3","8","5","2",NA,"1",NA,NA,"8"
"3","5","2","5","5","2",NA,"1",NA,NA,"6"
"3","3",NA,"9","5","2","5","1","5",NA,NA
NA,"7","2","5","5","2",NA,"1",NA,NA,"3"
"2","2","1","5","5","2","3","1","7",NA,NA
NA,"2","1","3","4","1","6","1","3","3",NA
NA,"1","1","10","5","1","5","1",NA,"3",NA
"3","1","2","6","5","1","3","1",NA,"3",NA
"2","6",NA,"7","5","3",NA,"1","11",NA,NA
"2","5","2","5","5","1",NA,"1",NA,NA,"5"
"5","7",NA,"8","5","2","3","1",NA,"1","3"
"3","4","2","4","4","2",NA,"1",NA,NA,"6"
"3","3","2","4","5","2","6","1",NA,NA,"5"
"4","5","4","7","5","2",NA,"1",NA,NA,"5"
NA,"6","4","7","5","2","5","1","7","3","3"
"2","7","1","10","5","1","3","1",NA,NA,"4"
NA,"1","3","8","5","2","6","1","6",NA,NA
"2","3",NA,"5","3","3",NA,"1","11","3","4"
NA,"7","2","7","5","2",NA,"1",NA,"1","4"
NA,"1",NA,"11","5","2","3","1",NA,"3",NA
"3","3","2","8","5","2","6","1","5","3",NA
"3","1","2","4","5","2",NA,"1","13",NA,NA
"4","5",NA,"12","5","2","3","1",NA,NA,"5"
"3","7","2","6","5","2","3","1",NA,NA,"2"
NA,"3","1","1","5","1",NA,"2",NA,NA,NA
NA,"2","2","7","5","2","6","1","8",NA,NA
NA,"4","1","3","5","2","3","1","11",NA,NA
"6","5",NA,"5","3","2",NA,"1",NA,"3","4"
"2","6",NA,"6","2","3","5","2","16","1","3"
NA,"4",NA,"5","5","4","2","1","11","2",NA
"3","7","1","8","5","2","5","1",NA,"1","6"
NA,"7",NA,"5","5","2","3","1",NA,"3","4"
"4","6","1","9","5","1","4","1",NA,"3","9"
"4","4",NA,"7","5","2",NA,"1",NA,"3",NA
"3","3",NA,"3","3","2",NA,"1","5",NA,"5"
"1","5","1","4","5","1",NA,"1",NA,"1","3"
NA,"2",NA,"10","5","3",NA,"1","11","2",NA
NA,"1","1","4","5","2","5","1",NA,NA,NA
"3","3",NA,"4","2","2","5","1","8",NA,"5"
NA,"3","1","2","5","3",NA,"1","16",NA,NA
"3","3","2","1","4","2",NA,"1","8","3","3"
NA,"5","6","7","5","2","5","1",NA,NA,"2"
"2","3","1","6","5","2","3","1","8",NA,NA
NA,"4",NA,"4","4","3",NA,"1","5","3",NA
"3","5","6","7","5","2",NA,"1","16","3","5"
"4","5",NA,"7","4","3","3","1","8",NA,"4"
NA,"3","2","5","5","1","3","1",NA,"3",NA
NA,"1",NA,"6","3","2","2","1","13",NA,NA
"1","5",NA,"3","5","4","3","1","15",NA,"3"
"2","3","2","4","5","2",NA,"1","8","3",NA
NA,"5","1","4","5","1",NA,"2",NA,"3","3"
NA,"5","1","4","5","2",NA,"1","12","3","9"
NA,"4",NA,"6","5","3","3","1","16","1",NA
"5","6","2","8","5","2","6","1",NA,"3","10"
"3","3",NA,"8","5","2","5","1","6",NA,NA
"3","3","1","4","5","3",NA,"1","9","3",NA
NA,"5","1","6","5","2",NA,"1",NA,"1","3"
"2","3",NA,"4","5","3",NA,"1","12",NA,NA
"3","2",NA,"8","4","2","5","1","6","3",NA
"3","7","2","5","5","2",NA,"1",NA,"1","3"
NA,"4","1","2","5","3",NA,"1","9","3",NA
NA,"7","3","6","4","2",NA,"1",NA,"3","8"
NA,"5","2","7","5","2",NA,"1","3",NA,NA
"3","6",NA,"9","4","3","1","1",NA,"3","3"
"2","4",NA,"11","5","2","3","1",NA,NA,"3"
NA,"6",NA,"11","5","2","3","1",NA,"3","6"
"2","4","1","4","5","1","6","1",NA,"3","8"
"2","6",NA,"6","2","2","3","1",NA,NA,"4"
NA,"4",NA,"11","5","3","3","1",NA,"1",NA
NA,"4",NA,"10","5","2",NA,"1",NA,NA,"5"
NA,"1",NA,"12","5","2","3","1","10",NA,NA
"3","7","1","5","5","2",NA,"1",NA,NA,"11"
"3","5","4","5","5","2",NA,"1",NA,NA,"3"
"4","4","2","6","5","2","3","1",NA,"3",NA
"2","6","1","5","5","2",NA,"1",NA,NA,"5"
NA,"4","3","8","5","2","3","2","9",NA,NA
"3","1","1","2","5","3",NA,"1","13",NA,NA
NA,"4",NA,"5","5","3","3","1","12",NA,NA
NA,"7","2","7","5","2",NA,"1","13",NA,"5"
"2","7","1","5","5","2",NA,"1",NA,NA,"3"
"4","1","5","6","5","2","6","1",NA,NA,NA
NA,"5","2","6","5","2",NA,"1",NA,"1","5"
NA,"1","1","4","4","1",NA,"1","3","3",NA
"4","6",NA,"9","5","3","5","1","11","3","5"
"4","5",NA,"15","5","2","7","1",NA,"3","8"
"5","1",NA,"7","5","3","4","1","5",NA,NA
"5","6",NA,"4","4","3",NA,"1","8","3","3"
"2","5","1","7","5","1","5","1",NA,NA,"3"
"1","1","3","5","5","1",NA,"1","7","1",NA
NA,"1",NA,"6","5","3","5","1","10",NA,NA
"3","6","1","3","5","2",NA,"1","8",NA,"13"
"2","4",NA,"6","5","3","3","1","8","3",NA
"4","5","3","8","5","2","3","1",NA,NA,"6"
"1","4","3","5","5","1","1","2",NA,NA,NA
NA,"7",NA,"6","5","2","3","1",NA,NA,"4"
"5","3",NA,"8","5","3","5","2","8","3",NA
NA,"1","2","4","5","2","3","1","12","1",NA
"5","5",NA,"10","5","2","5","1",NA,"3","8"
"3","1","4","4","5","1","3","1","3","3",NA
NA,"6","2","6","5","2","3","1",NA,NA,"6"
NA,"7","1","6","5","1",NA,"1",NA,"3","10"
"3","3",NA,"5","3","2","3","1","3",NA,"3"
NA,"3","3","7","5","2","3","1","9","2",NA
"5","4",NA,"8","5","3",NA,"1","13","1",NA
NA,"4","4","6","5","2",NA,"1","7","3","10"
"4","3","3","7","5","2",NA,"1","7",NA,NA
"6","3",NA,"17","5","3","3","1",NA,NA,NA
"1","1","1","3","4","1","6","1","3","3",NA
"2","3",NA,"6","5","2","5","1","13","1",NA
"2","3",NA,"2","2","3",NA,"1","8","3",NA
"3","1","2","3","5","1",NA,"1","2",NA,NA
NA,"4","1","1","5","2",NA,"1","16","1","4"
"2","1","2","3","5","2",NA,"1","6","3",NA
"3","1","2","6","5","2","3","1","2",NA,NA
NA,"6",NA,"11","5","2","4","1",NA,NA,"4"
"4","5","2","5","5","2",NA,"1","9","3",NA
"2","3","1","2","5","1",NA,"1",NA,"3","6"
NA,"2","2","4","5","1",NA,"1",NA,"3",NA
"4","5",NA,"6","5","4",NA,"1","10",NA,NA
NA,"1",NA,"5","4","2","6","1",NA,NA,NA
"2","1",NA,"8","5","2","3","1","10",NA,NA
"2","5","1","4","5","1",NA,"1",NA,"1","5"
"2","4",NA,"8","5","4","7","1","12",NA,"13"
NA,"6","2","5","5","2",NA,"1","13",NA,"3"
"3","5","2","6","5","2","3","1","10",NA,"2"
NA,"4",NA,"6","5","3","4","1","10",NA,"4"
NA,"3","2","9","5","2","3","1",NA,NA,"3"
NA,"1","1","3","5","1",NA,"1","2","3",NA
"4","7","2","7","5","2",NA,"1",NA,"3","4"
NA,"4","3","6","5","2",NA,"1",NA,NA,"6"
"4","6",NA,"6","5","3",NA,"1",NA,"3","6"
"2","1","1","7","5","1","3","1",NA,NA,NA
"3","4","6","3","5","2",NA,"1","4","2","3"
NA,"4","1","5","5","2","7","1","8","3",NA
"3","5","3","4","5","2","3","1","7","1","3"
"1","7","1","6","5","2",NA,"1",NA,"1","3"
"2","5","1","7","5","2","6","1",NA,NA,"5"
"3","7",NA,"6","4","2","5","1","12","1","5"
NA,"3",NA,"6","5","3","5","1","10",NA,NA
"2","4",NA,"7","5","2","3","1",NA,"3",NA
"1","5",NA,"3","3","2",NA,"1","10",NA,"3"
"2","4","1","2","5","1",NA,"1",NA,"1","3"
NA,"4","1","7","4","1","5","1",NA,NA,"6"
"4","6","2","6","5","2",NA,"1",NA,"3","3"
NA,"1","4","4","3","1",NA,"1","4","2",NA
"3","3","4","5","5","1",NA,"1",NA,"3",NA
NA,"2","2","6","5","1","6","1",NA,"3",NA
NA,"3","3","4","5","2","5","1","7",NA,NA
"3","7","2","6","5","2",NA,"2","15",NA,"13"
NA,"4","1","3","5","1",NA,"1",NA,"3","6"
"3","3","2","3","5","2",NA,"1","3","3",NA
NA,"7",NA,"11","5","2","4","1",NA,NA,"4"
"3","6",NA,"6","5","3","3","1","13","1","3"
NA,"5","1","3","5","2",NA,"1","12",NA,"6"
"2","7",NA,"10","5","2",NA,"1",NA,NA,"4"
NA,"1","2","10","5","1","4","1",NA,"3",NA
NA,"3","1","2","5","1",NA,"1",NA,NA,"5"
NA,"4",NA,"8","5","3","5","1","10",NA,NA
NA,"7","1","7","5","1",NA,"1",NA,"1","4"
NA,"6","3","6","5","2","5","1","11","3","5"
NA,"2",NA,"11","5","3","5","1","7","3",NA
NA,"6","2","5","5","2",NA,"1",NA,NA,"4"
"3","2","2","5","5","1","5","1",NA,NA,NA
NA,"5","1","3","5","3",NA,"1","14",NA,NA
"2","1","4","4","5","1","3","1",NA,"3",NA
NA,"6",NA,"6","3","2","3","1",NA,"3",NA
NA,"4","1","5","5","1",NA,"1",NA,"3",NA
"2","3","1","4","5","2",NA,"1","13",NA,NA
"3","3","3","5","5","2","3","1","15","1",NA
"4","3",NA,"10","5","4","5","1","8","3",NA
NA,"4",NA,"5","5","3","3","1","8",NA,NA
"3","7",NA,"7","5","2","3","1",NA,"1","3"
"2","6","1","6","5","2","6","1","11","3","5"
NA,"7",NA,"7","5","3",NA,"1","12","1","3"
NA,"5","4","7","5","2",NA,"1",NA,NA,NA
NA,"6",NA,"7","5","4",NA,"1","12",NA,NA
NA,"7","1","9","5","1",NA,"1",NA,NA,"6"
NA,"5","1","5","5","1",NA,"1",NA,"3","4"
NA,"7",NA,"5","5","3","5","1","13","3","6"
"4","5",NA,"11","5","2","6","1",NA,"1",NA
"3","5",NA,"6","5","3",NA,"1","14",NA,"4"
"2","3","1","4","5","1",NA,"1",NA,"3",NA
"3","3","2","6","5","1","5","2",NA,NA,"6"
"2","6","1","7","5","2","6","1",NA,NA,"5"
NA,"1","4","5","5","2","3","1","3","3",NA
NA,"5",NA,"5","5","4",NA,"1","9","3",NA
"3","7","2","5","5","2","3","1",NA,NA,"3"
"3","7","2","6","5","2",NA,"1",NA,NA,"4"
"3","4","2","6","5","2",NA,"1","10",NA,NA
NA,"6",NA,"10","5","2","2","1",NA,NA,"4"
"3","3",NA,"16","5","2","5","1",NA,NA,NA
"1","4","4","6","5","1","3","1",NA,NA,"2"
"7","6",NA,"6","5","4",NA,"1","5","1",NA
NA,"4",NA,"5","5","4",NA,"1","9","3","6"
"2","3","1","5","5","1",NA,"1",NA,"3",NA
"2","7",NA,"10","5","2","5","1",NA,NA,"5"
NA,"1",NA,"13","5","2","5","1","5","3",NA
"3","5","3","9","5","2","5","1",NA,"3","3"
NA,"5","4","9","5","1","4","1",NA,"3","6"
"5","7","2","6","5","2",NA,"1",NA,"3","6"
NA,"5",NA,"9","5","4",NA,"1","6",NA,NA
NA,"6","1","5","5","1",NA,"1",NA,"3","3"
"2","5",NA,"5","5","3",NA,"1","14",NA,NA
"3","6","2","7","5","2","4","1","10","3","7"
"1","3","2","3","5","2",NA,"1","4","3",NA
"2","3","2","3","5","3",NA,"1","9",NA,NA
"3","5",NA,"4","5","3",NA,"1","11",NA,"6"
"3","5",NA,"5","4","3","3","1","11","1","3"
NA,"7","2","6","5","2",NA,"1",NA,"1","6"
NA,"1","2","5","5","2","5","1","3","3",NA
NA,"7",NA,"6","3","2",NA,"1",NA,NA,"5"
"1","7","1","5","5","1","3","1",NA,NA,"6"
NA,"5","1","4","5","1","5","1",NA,"3","5"
NA,"6","1","4","5","1",NA,"1",NA,NA,"4"
"3","5","4","6","5","2","4","1",NA,NA,"3"
NA,"2","1","7","5","1",NA,"1",NA,"3",NA
"4","6",NA,"5","2","3","2","1","11","3","4"
"7","3","2","9","5","2","5","1",NA,NA,NA
NA,"3","1","5","5","2","5","1","6",NA,NA
"3","4",NA,"8","5","3","2","1","10",NA,NA
NA,"3","2","4","5","2",NA,"1","15","1","6"
"1","5","1","1","5","1",NA,"1",NA,NA,"3"
"1","5","1","8","5","2","3","1",NA,"1",NA
"3","4",NA,"11","5","2","6","1",NA,"3",NA
NA,"5","2","4","5","2","2","1",NA,"3","3"
NA,"4","4","9","5","2","5","1","5","3",NA
NA,"3","2","4","5","2","7","1",NA,NA,NA
"3","6","2","8","5","2","3","1","10","1","6"
"3","5","2","7","5","2","4","1",NA,"3","8"
"4","2",NA,"8","5","2","5","1","8","3",NA
"1","1","2","3","5","2",NA,"1","13","2",NA
NA,"5",NA,"5","5","4",NA,"1","8","3",NA
"5","4","5","6","5","2",NA,"1",NA,NA,"3"
"3","7",NA,"5","4","3",NA,"1","14",NA,"5"
NA,"4","3","5","5","2","4","1",NA,NA,NA
"2","5","7","6","5","2",NA,"1",NA,NA,"2"
"4","7",NA,"5","5","3",NA,"1","8","3","5"
"4","3",NA,"5","3","2","4","1",NA,"3","3"
NA,"1","2","2","4","1",NA,"1","5",NA,"7"
"3","4","2","9","5","2","5","1",NA,"3",NA
"4","1",NA,"8","5","2","6","1","6","3",NA
"2","1","1","3","5","2",NA,"1","13",NA,NA
NA,"4",NA,"4","4","2",NA,"1","9",NA,NA
NA,"2","1","3","5","1",NA,"1",NA,"3",NA
"7","4",NA,"6","4","2","3","1","8",NA,NA
NA,"5","5","7","5","2",NA,"1",NA,NA,"4"
"3","3","2","4","5","1","3","1",NA,"3","5"
NA,"4","2","4","5","2",NA,"1",NA,NA,"3"
NA,"3","2","3","5","1",NA,"2",NA,NA,"3"
"2","5",NA,"6","4","2","3","1",NA,NA,"5"
"4","6",NA,"9","3","3","3","1","14",NA,"5"
"4","6","2","7","5","2","4","1","8",NA,"8"
"2","5","1","6","5","2",NA,"1",NA,"3","4"
"3","1",NA,"8","5","3","3","1","7",NA,NA
"2","5","1","5","5","2",NA,"1","11","1","3"
NA,"4","2","6","5","2",NA,"1",NA,"3",NA
"2","4","1","6","5","2",NA,"1","12",NA,"5"
NA,"6","5","9","5","2","7","1",NA,NA,"13"
"2","3","1","8","5","1","6","1",NA,"3",NA
"2","4","1","6","5","2",NA,"1",NA,NA,"8"
"4","7",NA,"10","5","2","6","1",NA,NA,"4"
NA,"5","1","5","5","2","3","1",NA,"2","13"
NA,"1","3","12","5","1","3","1",NA,NA,NA
"2","1","1","3","5","2",NA,"1","14","2",NA
"2","2",NA,"3","2","2","3","1","9","3",NA
NA,"7","1","7","5","2",NA,"1",NA,"1","4"
NA,"3","1","3","5","1",NA,"1","11","1",NA
NA,"3",NA,"9","5","2","5","1",NA,"3",NA
"2","3","1","6","5","2","6","1",NA,"3",NA
"4","3",NA,"9","5","3","3","1","8","3",NA
"5","5","4","9","5","2","5","1",NA,"3","13"
NA,"1","2","7","5","1","2","1","2",NA,NA
"3","5","2","4","4","2",NA,"1","7","3","5"
NA,"7","2","5","5","2",NA,"1",NA,"3","4"
NA,"1",NA,"7","5","2","6","1","6",NA,NA
"3","6",NA,"8","5","2","5","1",NA,NA,"13"
NA,"3","2","5","5","1","5","1",NA,NA,NA
"4","3",NA,"7","5","2","5","1","9",NA,NA
"3","6","2","5","5","2",NA,"1",NA,"2","3"
NA,"6",NA,"8","5","2","5","1",NA,"3","4"
"2","7","5","6","5","2",NA,"1",NA,NA,"2"
"2","6",NA,"8","5","3",NA,"1","14","2","4"
NA,"3","4","4","4","2","3","1","2",NA,NA
"2","1","2","2","4","2",NA,"1","4","3",NA
"3","4",NA,"11","5","4","6","1","11",NA,NA
NA,"2","1","5","5","2","6","1","13","2",NA
"5","6",NA,"10","5","2",NA,"1","12","1","10"
"5","6",NA,"12","5","2","5","1",NA,"3","6"
"3","4","4","4","5","1",NA,"1",NA,NA,"4"
NA,"4",NA,"8","3","2","3","1",NA,"1",NA
"3","6",NA,"9","5","2",NA,"1","7",NA,"8"
"4","1","5","6","5","2","5","1",NA,"3",NA
NA,"5",NA,"8","5","2","3","1",NA,NA,"5"
NA,"7","2","9","5","2","6","1",NA,NA,"10"
"2","3","1","7","5","1","3","1",NA,"3",NA
NA,"3","3","5","5","2","4","1","4","3",NA
NA,"6","2","5","5","2",NA,"1",NA,"1","4"
NA,"1","1","4","5","2","6","1","8",NA,NA
"2","4",NA,"7","5","3","3","1","5","3",NA
"4","4",NA,"5","4","3","6","1","6","3","4"
"2","5","1","6","5","2","3","1",NA,NA,"3"
NA,"7","2","7","5","2","3","1",NA,NA,"3"
NA,"3","1","7","5","2",NA,"1","11","3",NA
NA,"1",NA,"4","5","3",NA,"1","11","2",NA
NA,"7",NA,"6","5","3",NA,"1","12",NA,"3"
"3","6","5","5","5","3",NA,"1","10",NA,"2"
"2","4",NA,"3","5","4",NA,"1","12","1",NA
"1","5","1","3","5","2",NA,"1",NA,NA,"3"
NA,"3","3","3","4","2","6","1","5","3","6"
"3","2","2","3","5","1",NA,"2","3","3",NA
"3","1","3","7","5","2","3","1","6",NA,NA
"2","1","1","5","5","2","6","1","12","2",NA
NA,"7","1","4","5","1",NA,"1",NA,"3","5"
"1","7",NA,"5","2","2",NA,"1",NA,"1","3"
"2","5",NA,"3","5","3","3","1","13","1",NA
"4","6","2","5","5","2",NA,"1",NA,"2","2"
NA,"5","2","7","5","2",NA,"1",NA,NA,"6"
NA,"1","7","5","2","1","5","1","6","3","4"
"2","7",NA,"6","5","3",NA,"1","16","2","3"
"3","3",NA,"14","5","2","6","1",NA,NA,NA
"5","5",NA,"5","5","3",NA,"1","7","2","4"
NA,"3","3","5","5","1",NA,"1",NA,"1","2"
"4","3",NA,"10","5","2",NA,"1","8",NA,NA
NA,"1","4","4","5","1",NA,"1","2",NA,NA
"6","5",NA,"7","5","2","5","1",NA,NA,"9"
NA,"5","2","4","5","2",NA,"1","4","3","4"
"1","7","1","5","4","2",NA,"1",NA,"1","4"
NA,"5",NA,"9","5","3",NA,"1",NA,NA,"6"
NA,"4","2","4","5","2",NA,"1",NA,NA,NA
NA,"5","4","7","5","2","3","1",NA,NA,"2"
"3","4","1","5","4","1",NA,"1",NA,NA,"4"
"3","5",NA,"10","4","2","6","1",NA,"3","6"
NA,"5","5","7","5","1","5","1",NA,"3","5"
"2","6",NA,"6","5","4","2","1","14",NA,"3"
"3","1",NA,"9","5","2","5","1","5",NA,NA
"3","7",NA,"5","5","2","3","1","13","1","7"
NA,"3",NA,"7","5","3","6","1","9","3",NA
NA,"4","1","2","5","2",NA,"1","17",NA,NA
"5","3","5","6","5","2","3","1","7","3","6"
NA,"5",NA,"4","4","3",NA,"1","5","3","5"
"2","5",NA,"5","4","4",NA,"1","14",NA,"4"
"4","6",NA,"7","5","3",NA,"1","8",NA,"4"
"4","4",NA,"10","5","2","4","1",NA,NA,"5"
"2","3",NA,"7","5","3","3","1","6","3",NA
"1","1","1","3","5","1","3","1","13","1",NA
"4","1","2","7","5","2","5","1","4",NA,NA
"2","2",NA,"6","5","2","6","1","9",NA,NA
"4","6","2","5","5","3",NA,"1","11","3","9"
NA,"5",NA,"8","5","2","3","1","9",NA,"5"
"3","1",NA,"8","5","3","3","1","7",NA,NA
"3","3","3","6","5","2","5","1","3","3",NA
"3","3","2","4","4","2","3","1","5","3",NA
NA,"4","1","5","5","2",NA,"1","13",NA,NA
"4","6",NA,"11","5","2","5","1",NA,"3","11"
NA,"3","1","3","3","1","1","1","14",NA,"3"
NA,"2","1","5","5","2","3","1","4","3",NA
NA,"6",NA,"9","5","3","5","1","11","1","4"
NA,"4",NA,"4","5","4","2","1","12","1",NA
"2","4","1","3","5","1",NA,"1",NA,NA,NA
"7","1","4","6","5","1","4","1",NA,"3",NA
"5","5","2","10","5","2",NA,"1",NA,"3","5"
NA,"4",NA,"5","5","3","4","1",NA,"3","6"
"3","4","5","5","5","2","3","1",NA,"3","6"
"5","5",NA,"9","5","2",NA,"1","8","3","6"
"3","5",NA,"7","5","3",NA,"1","8","3","3"
NA,"7","1","3","5","2",NA,"1",NA,"1","5"
NA,"4",NA,"7","5","2","5","1",NA,"3","3"
NA,"3",NA,"7","5","3","3","1","8","3",NA
"2","6","1","7","5","3","3","1","8","3","3"
NA,"6",NA,"8","5","3",NA,"1",NA,"2",NA
"4","3",NA,"10","5","2",NA,"1","5",NA,NA
"2","2","2","6","5","2","3","1",NA,"2",NA
"3","5","1","8","5","2","4","1",NA,"3","7"
"3","5",NA,"12","5","3","6","1","11","3",NA
"3","7",NA,"7","5","2",NA,"1",NA,NA,"4"
NA,"7","1","5","5","2",NA,"1",NA,"1","4"
NA,"5",NA,"6","5","3",NA,"1","12","1","5"
"3","3","2","8","5","2","6","1","9","3",NA
NA,"4",NA,"12","5","3",NA,"1","11","2",NA
NA,"4","3","6","5","2","7","1","5",NA,"6"
"4","7","3","8","5","2",NA,"1",NA,NA,"7"
NA,"5",NA,"5","3","2","3","1","7",NA,"5"
"2","7","1","6","5","1",NA,"1",NA,"3","4"
NA,"5","2","5","5","2",NA,"1",NA,NA,"2"
"3","4",NA,"6","5","4","5","1","7","2",NA
"4","7","2","7","5","2","3","1",NA,"1","4"
"2","6","1","5","5","2","4","1","12","2","3"
NA,"5",NA,"7","5","3","5","1","9",NA,"7"
NA,"3","4","7","5","2","7","1",NA,"3",NA
NA,"4",NA,"7","5","4","2","1","7",NA,NA
NA,"4","1","2","5","2",NA,"1","16",NA,"4"
NA,"2","2","5","5","1",NA,"1",NA,NA,NA
"4","5",NA,"6","5","4",NA,"1","12","1","3"
"3","1",NA,"9","5","3","4","1","5","3",NA
"2","5","1","3","5","1",NA,"1","8",NA,"3"
"2","5",NA,"7","5","2",NA,"1","13","1","4"
NA,"3","1","4","5","3",NA,"1","11",NA,NA
NA,"6","1","4","5","1","4","1",NA,NA,"4"
"3","3","2","6","5","2",NA,"1","6","3",NA
"2","6","2","5","5","2",NA,"1",NA,NA,"3"
NA,"5",NA,"4","5","3",NA,"1","9","3","4"
"3","1","4","7","5","2","3","1","7","3",NA
NA,"4","1","5","5","1",NA,"1",NA,"1","4"
NA,"5","5","5","5","2",NA,"1","4",NA,"2"
NA,"3",NA,"6","5","3","3","1","10",NA,NA
NA,"1","3","4","5","1",NA,"1",NA,"2",NA
"1","7",NA,"6","5","3","2","1","13","3","4"
NA,"7","1","7","5","2",NA,"1",NA,NA,"4"
NA,"5","4","8","5","2","5","1",NA,"3","8"
"1","1","1","2","5","1",NA,"1","5",NA,NA
"3","7",NA,"7","5","3",NA,"1","9",NA,"6"
NA,"5","4","6","5","2","4","1",NA,"1","4"
"3","5",NA,"9","5","2","4","1",NA,"3","5"
NA,"5",NA,"9","5","2","3","1","9",NA,NA
NA,"6",NA,"6","5","3",NA,"1","13","1","3"
"1","3","1","4","5","2",NA,"1","8",NA,NA
"2","4","1","4","5","2",NA,"1","15",NA,NA
NA,"6","2","7","5","2",NA,"1",NA,NA,"4"
"3","4","1","6","5","1",NA,"1","5","3","7"
NA,"1","2","1","5","1",NA,"1","6","1",NA
"2","4","1","8","5","2","6","1",NA,NA,"13"
"3","3",NA,"9","4","3","3","1",NA,NA,NA
NA,"3","4","5","5","1",NA,"1",NA,"1",NA
NA,"3",NA,"6","5","3","3","1","12",NA,NA
NA,"5","1","4","5","2",NA,"1",NA,NA,"4"
"3","7","2","8","5","2","2","1",NA,"1","3"
"5","5","5","6","5","2","3","1","10",NA,"5"
"2","3","2","5","5","2",NA,"1","11",NA,NA
NA,"3","1","5","5","1","3","1",NA,"3","4"
NA,"5","2","4","5","2",NA,"1","9","1","3"
"2","4","1","4","5","2","3","1","13",NA,"3"
"3","2",NA,"5","5","3","4","1","3","3",NA
"2","3","1","4","5","1",NA,"1",NA,"3",NA
"5","7",NA,"12","5","2","5","1",NA,"2","5"
NA,"5","2","6","5","2","6","1",NA,NA,"6"
NA,"5","1","3","5","1",NA,"1",NA,"1","3"
NA,"6",NA,"10","5","3","3","1","7",NA,"3"
"3","5","2","5","5","2",NA,"1","12",NA,"3"
"2","1","3","5","5","1",NA,"1",NA,"3",NA
"5","6","4","6","5","2","6","1",NA,NA,"6"
"5","5",NA,"10","5","2","5","1","8","3",NA
NA,"5","2","5","5","2",NA,"1",NA,"3","6"
"4","5","4","5","5","2",NA,"1","6","3","3"
"3","4","2","6","5","1","5","1",NA,"3","7"
"3","4","4","6","5","2","6","1",NA,NA,"5"
NA,"1",NA,"3","5","3",NA,"1","8","3",NA
"1","3","1","3","5","2",NA,"1","11",NA,NA
"1","2","1","3","5","1","3","1","7","1",NA
NA,"7",NA,"8","5","2",NA,"1",NA,NA,"5"
NA,"4","2","3","5","2",NA,"1",NA,NA,NA
"2","7","1","5","5","1",NA,"1",NA,NA,"4"
"4","5","4","5","5","2","3","1",NA,NA,"5"
NA,"1","2","5","5","2","3","1","2","3",NA
"2","5","1","4","5","2",NA,"1","12","1","5"
"3","3",NA,"4","5","3",NA,"1","11",NA,NA
"3","3","4","7","5","2","5","1","5",NA,"4"
NA,"6",NA,"5","5","3",NA,"1","15",NA,"3"
"4","7",NA,"6","5","3",NA,"1","13",NA,"4"
NA,"4","1","6","5","2",NA,"1","5",NA,NA
"1","5",NA,"2","1","2",NA,"1","15",NA,"3"
"3","4",NA,"4","4","3",NA,"1","11",NA,"5"
"4","5","2","5","5","2","3","1","8","3",NA
NA,"2",NA,"5","3","2","4","1","5","3",NA
NA,"5",NA,"7","5","3","3","1","11",NA,"3"
NA,"7","2","5","5","2",NA,"1",NA,NA,"4"
NA,"3","2","4","5","1","5","2","4","3",NA
"5","5",NA,"9","5","4","3","1","9","3","5"
"3","1","2","5","5","1","3","1","3","3",NA
NA,"7","2","6","5","2",NA,"1",NA,"3","5"
"4","2","3","3","5","1","5","1",NA,"3",NA
NA,"1",NA,"4","5","3",NA,"1","6","3",NA
NA,"1","4","6","5","1","3","1",NA,"3",NA
"1","3",NA,"9","5","2","3","1","9",NA,NA
NA,"2","1","2","5","1",NA,"1",NA,NA,NA
"3","4","5","6","5","2","3","1","6","3","4"
"3","2",NA,"10","5","2","5","1","5",NA,NA
"3","4",NA,"9","5","2","5","1","7","3",NA
NA,"6",NA,"6","5","3","3","1","15",NA,"3"
"4","5","4","5","4","2","3","2",NA,"3","3"
"3","3","3","5","5","2","6","1","5",NA,NA
"3","4",NA,"10","5","2",NA,"1",NA,NA,"7"
"3","7","2","6","5","2",NA,"1",NA,NA,"5"
"4","7","3","5","3","1","2","2",NA,NA,"4"
"4","5",NA,"14","5","2","3","1",NA,NA,"5"
"2","5",NA,"6","5","3",NA,"1","9",NA,NA
NA,"6","1","3","5","1",NA,"1",NA,"3","3"
NA,"6","2","5","4","1",NA,"1",NA,"3","4"
NA,"3","3","5","5","2",NA,"1","8",NA,NA
NA,"4","3","5","4","2","6","1","7","3","10"
"2","5",NA,"4","5","3",NA,"1","10",NA,NA
"3","1","2","2","3","2",NA,"1","3",NA,NA
"3","5",NA,"4","2","2",NA,"1","12","1","3"
NA,"3","2","4","5","1",NA,"1",NA,NA,"3"
"3","3","4","4","4","1","2","1",NA,"2",NA
NA,"4","2","3","5","3",NA,"1","6",NA,NA
NA,"3",NA,"4","5","3","3","1","3","1",NA
"3","1","2","6","5","2","3","1","14","1",NA
NA,"4","2","5","5","2","3","1",NA,"3","4"
NA,"1",NA,"3","5","4",NA,"1","12","3",NA
"2","5","1","5","5","2",NA,"1",NA,NA,"5"
NA,"5","2","5","5","1","5","1",NA,"1","3"
NA,"7","2","6","5","2",NA,"1",NA,"2","2"
NA,"7","2","6","4","2",NA,"1",NA,"3","3"
"2","5","1","3","4","1",NA,"1",NA,NA,"5"
NA,"4","4","8","5","2",NA,"1",NA,"3",NA
"2","2","2","4","5","2","4","1","8","3",NA
NA,"3",NA,"7","5","3","5","1","12",NA,NA
"2","3","1","8","5","2","3","1","10",NA,NA
"5","2","5","4","3","1","4","1","4",NA,"6"
NA,"4","3","8","5","2","5","1",NA,NA,"6"
NA,"1","4","2","4","2",NA,"1","7",NA,NA
"3","5","2","7","5","2","6","1",NA,NA,"13"
"4","6",NA,"9","5","4","5","1","8",NA,NA
"5","5",NA,"11","5","2","6","1",NA,NA,"13"
NA,"5","2","5","5","2",NA,"1","7","3","3"
"1","5","1","4","5","1",NA,"1",NA,"3","3"
"2","1","3","4","4","1",NA,"1",NA,NA,NA
NA,"5",NA,"6","3","2","6","1",NA,NA,"9"
"2","5","1","5","5","3",NA,"1","12","1",NA
NA,"5","3","8","5","2","3","1",NA,"1","3"
NA,"4","1","4","5","1",NA,"1",NA,NA,"3"
NA,"7","2","7","5","2",NA,"1",NA,"2","7"
NA,"6",NA,"7","5","2","4","1",NA,"3","4"
NA,"7","6","5","5","2",NA,"1",NA,NA,"3"
"4","3","3","5","5","3","5","1","6",NA,NA
NA,"4","1","3","5","2",NA,"1","11",NA,"2"
"2","3",NA,"8","5","2","6","1","12","1",NA
"2","7","1","7","5","2",NA,"1",NA,NA,"5"
"4","4",NA,"7","3","2","2","1","6","3","4"
NA,"5","1","6","5","2","6","1",NA,NA,"7"
"3","4",NA,"4","2","2","5","1","12","1","6"
NA,"1","2","4","5","2","3","1","12","2",NA
NA,"3",NA,"8","5","2","6","1","5",NA,NA
NA,"5",NA,"9","5","4",NA,"1","10","3","9"
NA,"3","1","5","5","1","3","1",NA,NA,"4"
"4","2",NA,"11","4","2","6","1",NA,"3",NA
"1","3","1","3","3","1",NA,"1","5",NA,"3"
NA,"6","2","8","5","2",NA,"1",NA,NA,"10"
NA,"1","3","6","5","2","5","1","7",NA,NA
NA,"5",NA,"7","5","3",NA,"1","7","3",NA
NA,"1","2","3","5","2",NA,"1","2",NA,NA
"6","5","2","5","5","2",NA,"1","3",NA,"5"
"3","6","2","5","5","2",NA,"1",NA,NA,"4"
NA,"3","5","5","5","2",NA,"2","3","3",NA
NA,"6","2","4","5","2",NA,"1","10","1","2"
"1","1","1","2","5","2",NA,"1","16",NA,NA
"5","5","3","7","5","2",NA,"1",NA,NA,"7"
NA,"5","1","4","5","1",NA,"1",NA,"3","7"
"1","2","1","3","5","1","5","1",NA,"1","6"
NA,"4","2","4","5","1",NA,"1",NA,"1","3"
"4","3","4","8","5","2","4","1","3","3",NA
NA,"7",NA,"9","5","2",NA,"2",NA,"3","6"
NA,"7","3","9","5","2","5","1",NA,NA,"4"
NA,"5",NA,"9","5","3","3","1",NA,NA,NA
NA,"2","3","5","4","1","5","1",NA,"3",NA
"2","3","2","4","5","2","3","1",NA,"3",NA
"3","6","3","5","4","2",NA,"1",NA,NA,"3"
NA,"2","6","7","5","2","1","1","4","3",NA
NA,"3",NA,"5","5","3","3","1","10",NA,NA
"3","1","2","5","5","1",NA,"1","2",NA,"3"
"4","7","1","5","5","2","3","1","14",NA,"3"
NA,"7",NA,"10","5","3",NA,"1","14",NA,"8"
NA,"3","1","1","4","1",NA,"1","5",NA,"3"
NA,"2","4","3","5","1","5","2",NA,"3",NA
NA,"2","3","5","5","1",NA,"1",NA,NA,NA
NA,"5",NA,"4","5","3",NA,"1","9",NA,"4"
"3","7",NA,"8","5","2","7","1",NA,"1","4"
"3","3","3","4","5","2",NA,"1","4",NA,NA
"2","4",NA,"5","5","3",NA,"1","15","1",NA
NA,"5","2","6","5","2","3","1","6",NA,"5"
"3","6",NA,"5","5","3",NA,"1","9","3","4"
NA,"5","2","6","5","2",NA,"1",NA,"2","2"
NA,"4","1","4","5","2",NA,"1","8","3",NA
NA,"3","2","7","5","2",NA,"2",NA,NA,NA
NA,"3","2","5","5","2","3","1","10","2",NA
NA,"5",NA,"6","5","3",NA,"1","13",NA,NA
"2","5","1","3","5","2",NA,"1","8","3",NA
"2","3","1","4","5","2","5","1","9",NA,NA
"4","7","2","8","5","2","3","1","10","2","3"
"2","4","3","7","5","2",NA,"1",NA,"3",NA
"2","1","3","4","5","1","3","1","2","3",NA
"2","3","4","5","5","2",NA,"1",NA,"3",NA
"2","3","3","4","2","2","2","1","8","3","3"
NA,"5",NA,"7","4","2",NA,"1","9","1","3"
NA,"2","1","2","5","2",NA,"1","8",NA,NA
NA,"6",NA,"5","5","3",NA,"1","13",NA,"3"
"2","4","1","4","5","1",NA,"1",NA,NA,"10"
"6","5",NA,"10","5","2","5","2",NA,"3","7"
NA,"3","2","6","5","2","3","1",NA,"3",NA
"4","2","5","4","5","2",NA,"1","3","2",NA
"4","2","5","8","5","2","5","1","4","3",NA
"4","3","4","5","5","1","3","1",NA,NA,NA
NA,"5",NA,"6","5","3","2","1","12","1","3"
"2","3","6","5","5","2","3","1","4","3","3"
"2","7",NA,"6","5","3","3","1","16",NA,"4"
NA,"6","1","6","5","2",NA,"1",NA,NA,"4"
NA,"5",NA,"6","3","2","2","1",NA,"1","5"
"2","7",NA,"8","5","3","3","1",NA,"1","13"
"3","4",NA,"12","5","2","3","1",NA,NA,"5"
NA,"2","1","2","5","1",NA,"1","5","3",NA
NA,"3",NA,"7","5","3","5","1","12",NA,NA
NA,"2",NA,"6","5","2",NA,"1",NA,NA,NA
"2","6","3","7","5","2","3","1",NA,"3","3"
NA,"3","4","5","3","1",NA,"1",NA,NA,"3"
NA,"2","3","6","5","1","3","1",NA,"3",NA
NA,"1",NA,"9","5","2","5","1","5","3",NA
"2","1","1","5","5","1","6","1","5",NA,NA
"5","4","6","6","4","2","3","1",NA,NA,NA
"2","3","1","4","5","1",NA,"1",NA,NA,NA
"2","5","2","4","5","2",NA,"1","11","3","3"
"2","2","3","3","2","1",NA,"1","8",NA,"4"
NA,"6",NA,"10","5","3","3","1","12","3","10"
"2","3","1","3","5","1",NA,"1","3",NA,"5"
NA,"6","3","11","5","2","5","1",NA,NA,"4"
"2","6","1","7","5","1","3","1",NA,NA,"3"
"3","5","2","8","5","2","5","1","11","3","5"
NA,"3",NA,"7","3","2","5","1",NA,NA,"5"
"4","7","2","7","5","1",NA,"1",NA,"3","5"
"3","5",NA,"7","3","2","4","1","9",NA,"5"
NA,"7",NA,"10","5","2","6","1",NA,NA,"6"
NA,"5","5","8","5","2","4","1",NA,"3","3"
"3","1","3","4","5","3","6","1","11","3",NA
"2","6","1","3","5","1",NA,"1",NA,NA,"4"
NA,"5","1","2","5","2",NA,"1","12",NA,"4"
NA,"5",NA,"6","4","2","3","1","5",NA,"3"
"2","3","1","7","5","2","6","1","6","3",NA
NA,"5",NA,"5","5","4",NA,"1","9","3",NA
"2","2","2","4","4","1","3","1",NA,NA,"4"
NA,"5",NA,"6","5","3",NA,"1","11","1",NA
"2","6","2","4","5","2","3","1",NA,"2","5"
"4","3",NA,"6","4","2",NA,"1",NA,NA,NA
"4","5","4","4","5","2",NA,"1","8","3","5"
NA,"5",NA,"9","5","2","4","1",NA,NA,"4"
"3","5",NA,"5","3","2","7","1",NA,NA,"12"
NA,"7","1","5","5","2",NA,"1",NA,"1","3"
"4","6","2","6","5","2",NA,"1","13","1","2"
"3","6","1","5","5","2",NA,"1",NA,NA,"4"
NA,"6",NA,"8","5","3","3","1","8","3","4"
"3","3","2","6","5","2","5","1",NA,"3",NA
NA,"1","1","5","5","1","4","1","5","3",NA
"1","3",NA,"3","5","3",NA,"1","15",NA,NA
"1","6","1","3","5","2",NA,"1",NA,"1","3"
NA,"7","1","8","5","1","5","1",NA,NA,"5"
NA,"4","4","6","5","2",NA,"1","5","3","13"
"3","5",NA,"6","5","3",NA,"1","10",NA,"4"
"3","1","5","7","5","1","3","1",NA,"3",NA
"3","1","3","5","5","2",NA,"1","7",NA,NA
NA,"3","1","3","5","2",NA,"1","9","3",NA
"2","7",NA,"5","4","2",NA,"1",NA,"1","3"
"3","6","1","9","5","1","6","1",NA,NA,"6"
"1","2","1","4","5","2",NA,"1","10",NA,NA
NA,"3",NA,"4","5","4","3","1","6",NA,NA
"2","5",NA,"3","5","3",NA,"1","12",NA,"6"
NA,"7","1","9","5","2",NA,"1",NA,"3","3"
"2","5","2","4","5","2",NA,"1","10","2","5"
"4","6","1","6","5","1","3","1",NA,"3","5"
"3","1",NA,"7","5","2","5","1","4","3",NA
"2","5","1","7","5","1","3","1",NA,NA,"5"
NA,"3",NA,"10","5","2","4","1","10",NA,NA
"3","7",NA,"6","5","4",NA,"1","11","3","7"
NA,"5","4","6","5","3",NA,"1","11","2",NA
NA,"1","3","4","4","1","5","1","2","3",NA
NA,"2","3","4","5","1",NA,"1",NA,NA,NA
"3","6","2","3","5","1",NA,"1",NA,"3","4"
"7","3","4","5","5","2","6","1",NA,"3",NA
NA,"1","2","6","5","2","5","1",NA,"3",NA
"2","3",NA,"4","5","3",NA,"1","3","3",NA
"3","4","4","5","5","2",NA,"1","8",NA,NA
NA,"1",NA,"5","5","3","6","1","9","3",NA
"2","3",NA,"4","5","4",NA,"1","7","3",NA
"1","7","1","5","5","2",NA,"1",NA,"1","3"
NA,"6",NA,"12","5","2","3","1",NA,NA,"4"
NA,"7","1","4","5","2",NA,"1",NA,NA,"3"
"3","3","2","7","5","2","6","1",NA,"2",NA
NA,"5",NA,"5","5","3","3","1","15",NA,NA
NA,"7",NA,"12","5","2",NA,"1",NA,NA,"6"
"3","5","2","5","5","2","5","1",NA,NA,NA
"2","3","1","7","5","2","2","1",NA,NA,NA
NA,"7","2","6","5","2",NA,"1",NA,"3","3"
"2","7","1","8","5","2",NA,"1",NA,NA,"5"
NA,"6","3","7","5","3",NA,"1","7","3","6"
NA,"5",NA,"5","5","4",NA,"1","11","1",NA
"5","7",NA,"6","5","2",NA,"1",NA,"3","8"
"4","5","5","8","5","2","5","1",NA,"3","7"
NA,"4","1","4","5","2",NA,"1","7","3","5"
NA,"1","3","7","5","2","3","1","2","3",NA
NA,"7",NA,"6","5","3",NA,"1","12",NA,"3"
NA,"3","2","1","5","1",NA,"1","3",NA,"3"
"1","1","1","3","5","1","5","1","3","3",NA
"3","5","6","7","5","2","5","1",NA,NA,"3"
"4","5","2","8","5","2",NA,"1",NA,"3","9"
NA,"2","1","5","5","1","5","1","6","3",NA
NA,"7",NA,"6","5","2",NA,"1",NA,"1","3"
NA,"5",NA,"7","5","2",NA,"1",NA,"3","5"
"3","6","2","8","5","2",NA,"1",NA,"3",NA
NA,"6","3","9","5","2","3","1",NA,NA,"6"
NA,"3","1","6","5","1","3","1",NA,"3",NA
NA,"5","2","3","5","3",NA,"1","8","3",NA
NA,"7","1","5","5","2",NA,"1",NA,"1","3"
NA,"6",NA,"7","5","3","3","1","9",NA,"4"
NA,"3","2","1","5","1",NA,"1",NA,"3","5"
NA,"5","1","5","5","2","3","1",NA,"1",NA
"4","6",NA,"11","5","2","5","1",NA,NA,"13"
"3","1","3","6","5","2","5","2","2",NA,NA
"2","2","1","4","5","1","3","1",NA,NA,NA
"4","6",NA,"10","5","2",NA,"1",NA,"3","8"
"4","7","1","5","5","1",NA,"2",NA,NA,"13"
"1","3","2","4","5","1",NA,"1","6",NA,NA
NA,"6",NA,"7","5","4","3","1","12","1",NA
NA,"5","1","1","4","2",NA,"1","8","3","3"
NA,"3",NA,"9","5","4","3","1","11","1",NA
NA,"4",NA,"7","5","2","5","1","6",NA,NA
NA,"6","4","7","5","2","4","1","8",NA,"6"
NA,"6","1","8","5","1","5","1",NA,"3","13"
"3","4",NA,"5","5","3","5","1","12","1",NA
NA,"3","4","4","5","1",NA,"1",NA,"3","4"
NA,"7",NA,"7","5","2",NA,"1",NA,"1","3"
"4","3",NA,"8","5","2",NA,"1",NA,"3","6"
NA,"4","2","5","5","2",NA,"1",NA,"1","2"
"2","3",NA,"4","5","3",NA,"1","12","1",NA
"4","5","2","6","5","2",NA,"1","7","3","4"
NA,"2","4","6","4","2","5","2","3","3",NA
"3","5",NA,"8","5","2",NA,"1",NA,"3","3"
NA,"1","3","4","5","1","5","1","2","3",NA
"3","5","1","8","5","1","3","1",NA,"3","4"
"1","4","2","5","3","2","2","1","9","1","3"
"4","1","3","4","5","1","3","1",NA,"3",NA
NA,"4","3","7","5","2","6","1","8",NA,"6"
NA,"4",NA,"16","5","3","5","1",NA,NA,"3"
"4","6",NA,"8","5","2","6","1",NA,NA,"6"
"4","4","3","8","5","2","5","1",NA,NA,"6"
NA,"5",NA,"7","4","2",NA,"1","9",NA,"11"
"3","5","3","7","5","2",NA,"1",NA,"1",NA
NA,"7","1","8","5","1","3","1",NA,NA,"4"
"3","6","1","5","5","1",NA,"1",NA,NA,"4"
NA,"3",NA,"6","5","3","5","1","6","3",NA
NA,"7",NA,"8","5","3","3","1",NA,NA,"4"
"3","5",NA,"6","5","4","3","1","10",NA,NA
"4","6",NA,"8","2","2","3","1",NA,"3","5"
NA,"4","4","6","5","2","5","1","6",NA,NA
"1","6",NA,"5","3","2","3","1","8","1","2"
NA,"1",NA,"7","5","2","3","1","3","3",NA
"2","4",NA,"10","5","3","4","1",NA,NA,"4"
"3","3","2","4","5","2",NA,"1","4",NA,NA
"3","3","2","6","5","1",NA,"1",NA,"3","4"
"2","1","1","5","5","1","5","1","5",NA,NA
"4","5",NA,"9","5","2","5","1",NA,NA,NA
"3","2",NA,"7","5","2","3","1",NA,"3",NA
NA,"5","1","7","5","2",NA,"1",NA,NA,NA
NA,"6","1","5","5","2",NA,"1",NA,NA,"5"
"4","5","2","7","5","2",NA,"1",NA,NA,NA
NA,"4","1","2","5","2",NA,"1",NA,"1",NA
NA,"6",NA,"6","5","3","3","1",NA,NA,"5"
"2","7","1","7","5","1",NA,"1",NA,NA,"4"
"3","5",NA,"8","5","2",NA,"1",NA,"3","5"
NA,"7","1","6","5","2",NA,"1",NA,"3","5"
"5","6",NA,"7","5","4","6","1","8",NA,"4"
"3","6",NA,"2","5","3",NA,"1","8","3","4"
NA,"3","5","6","5","1",NA,"1",NA,NA,"3"
"2","6","1","4","5","2",NA,"1","13","1","3"
NA,"7","3","3","5","2",NA,"1",NA,NA,"3"
"2","7",NA,"8","5","3",NA,"1","12",NA,NA
"7","5",NA,"6","5","2",NA,"1",NA,"3","3"
NA,"7","2","5","5","2",NA,"1",NA,"3","6"
"3","5",NA,"10","5","2",NA,"1",NA,"3","9"
NA,"7","2","7","5","2","3","1",NA,NA,"4"
NA,"7","2","8","5","2",NA,"1",NA,"1","10"
NA,"5","2","5","5","1",NA,"1",NA,NA,"4"
"3","5",NA,"7","5","4","3","1","9","3","5"
"3","3","3","6","5","2","4","1","5","3",NA
"4","2","7","6","5","3","3","1","3","3",NA
"4","3",NA,"6","4","3",NA,"1","7","3",NA
"1","4",NA,"4","5","3",NA,"1","15","1","3"
"2","5","1","4","5","2",NA,"1",NA,"3","6"
NA,"5","4","7","5","2","3","1",NA,"3","5"
"1","6",NA,"6","5","2",NA,"1","13","1","4"
"3","5","2","5","5","2",NA,"1",NA,NA,"5"
NA,"7",NA,"6","5","2","6","1",NA,NA,"6"
"1","7",NA,"8","5","2","2","1","14",NA,"3"
"2","5","1","5","5","2",NA,"1","8","3","6"
"3","3","6","8","5","2","3","1","5",NA,NA
NA,"7","2","7","5","1",NA,"1",NA,NA,"3"
NA,"7","2","5","5","2",NA,"1",NA,NA,"4"
NA,"7","3","6","5","2",NA,"1",NA,"3","6"
NA,"1","1","4","5","2",NA,"1","15",NA,NA
"2","2","1","3","4","1","3","1","3","3",NA
"3","1","2","6","5","2","5","1","10","3",NA
"3","2",NA,"5","5","3","4","1","10",NA,NA
"2","1","2","6","5","1",NA,"1",NA,"3",NA
"1","3","1","2","5","3",NA,"1","14",NA,NA
"4","5",NA,"6","5","3",NA,"1",NA,NA,"4"
"4","4",NA,"7","5","3","6","1","8",NA,NA
"3","1",NA,"6","5","4","3","1","7","3",NA
"4","5",NA,"5","5","4",NA,"1","10",NA,NA
NA,"3",NA,"4","5","3",NA,"1","10",NA,NA
"3","6",NA,"8","5","2",NA,"1",NA,"3","6"
"3","5","2","7","5","2","5","1",NA,"3","10"
NA,"1","2","4","4","2","5","1","11",NA,NA
NA,"3","2","11","5","1","4","1",NA,NA,NA
"3","5",NA,"6","4","2",NA,"1",NA,"3","5"
NA,"5",NA,"6","3","2","2","2",NA,NA,"5"
NA,"5",NA,"7","5","3","5","1","13","1","5"
"4","4","2","7","5","2","3","1",NA,NA,"6"
"3","5","2","8","5","2","4","1","8",NA,NA
NA,"6","2","7","5","2","5","1",NA,NA,"13"
NA,"5",NA,"6","5","3",NA,"1","12","3","3"
"2","3","2","2","4","1","5","1",NA,NA,NA
"2","5","1","6","5","1",NA,"1",NA,NA,"6"
"3","7",NA,"10","5","2",NA,"1",NA,"2","6"
"1","4","1","6","5","2","4","1","5","3","5"
"5","5",NA,"8","3","2","6","1",NA,NA,"8"
"3","4","2","4","5","2",NA,"1",NA,"3",NA
NA,"6",NA,"8","5","3",NA,"1","10","3","4"
NA,"3","2","3","5","2",NA,"1","9",NA,NA
NA,"1","4","5","5","2","1","1","4",NA,NA
NA,"3","3","5","5","2",NA,"1","6",NA,NA
"3","5","2","6","5","2",NA,"1","5","3","7"
"3","1",NA,"8","5","4",NA,"1","9",NA,NA
"3","1","2","5","5","2","3","1","3",NA,NA
NA,"7","2","6","5","2","3","1",NA,"1","3"
"2","3","1","4","5","2",NA,"1","5",NA,NA
"3","3","4","9","4","1","6","1",NA,NA,"5"
"3","5",NA,"8","5","3","3","1","12",NA,"4"
"1","1","1","4","5","2","3","1","4",NA,NA
NA,"3","2","8","5","1",NA,"1",NA,"1",NA
"4","5",NA,"18","5","2","5","1",NA,"1","2"
NA,"1","3","4","5","1",NA,"1",NA,"3",NA
NA,"5","1","4","4","2",NA,"1","5",NA,"3"
"3","1","2","8","5","2","5","1","2",NA,NA
"3","4",NA,"11","5","2","2","1",NA,NA,NA
NA,"5","2","4","5","2","3","1",NA,"3","4"
NA,"3",NA,"5","4","2","3","1","4",NA,NA
"1","7","1","3","5","1",NA,"1",NA,"1","3"
NA,"1","2","3","4","2","5","1","5",NA,NA
NA,"7",NA,"10","5","2",NA,"1",NA,"1","10"
NA,"3",NA,"8","5","2","5","1","6",NA,NA
NA,"6","2","4","5","3",NA,"1","8",NA,"5"
"1","5","1","3","5","2",NA,"1","9","1",NA
"2","5",NA,"6","4","2",NA,"1","9","3","3"
NA,"5","4","5","5","2",NA,"1","8","3","5"
NA,"4",NA,"8","5","3","5","1",NA,NA,"7"
"4","6","2","5","5","2",NA,"1",NA,"3","6"
NA,"5","1","5","5","2",NA,"1","10","1","3"
NA,"4",NA,"7","5","3",NA,"1","14","3",NA
NA,"7","2","5","5","2",NA,"1",NA,"3","6"
"3","2","2","3","5","2",NA,"1","6",NA,NA
"3","5","2","9","5","2","3","1","9","3","4"
"3","7","2","8","5","2","3","1",NA,"2","3"
NA,"5","1","8","5","2","2","1","9","1","3"
NA,"1","2","5","5","1",NA,"1","2","3",NA
NA,"1","2","8","5","2","5","1","4","3",NA
NA,"5",NA,"7","2","1","3","1",NA,NA,"6"
NA,"6","1","4","5","2",NA,"1","16","1","3"
NA,"6","3","6","5","1","3","1",NA,"3","6"
"3","7",NA,"14","4","3","7","2",NA,"3","7"
NA,"3","3","6","5","2",NA,"1",NA,"3","5"
NA,"5","1","4","4","2",NA,"1",NA,NA,"3"
NA,"6",NA,"9","5","2","5","1",NA,"3","7"
"5","7",NA,"7","5","3",NA,"1","11",NA,"5"
"2","3","1","5","5","1",NA,"1",NA,"3",NA
"2","4","1","3","5","1",NA,"1",NA,NA,"4"
"2","1","3","4","4","2",NA,"1","6",NA,NA
"2","5",NA,"7","5","4",NA,"1","9",NA,NA
"3","3",NA,"11","5","2","5","1","6","3",NA
"3","6",NA,"6","5","3",NA,"1","10","2","4"
NA,"1","2","6","5","2","5","1","6","3",NA
NA,"1","1","4","4","2","5","1",NA,NA,NA
"3","4",NA,"12","5","2","6","1",NA,NA,NA
"3","7","2","9","5","2","3","1",NA,NA,"4"
"2","4","1","4","5","2",NA,"1","11","1","4"
"3","7","2","8","5","2","5","1",NA,"2","5"
"3","1",NA,"4","5","4","3","1","8","3",NA
NA,"4",NA,"9","5","3","5","1","8","3",NA
"3","7","1","5","5","1",NA,"1",NA,"2","4"
NA,"3",NA,"9","5","2","3","1","15",NA,"4"
"3","4","5","6","5","2",NA,"1","7",NA,"6"
"4","3",NA,"6","5","3","3","1","7",NA,NA
NA,"4","3","3","4","2",NA,"1","7","3","7"
NA,"6",NA,"8","5","2",NA,"1",NA,"3","7"
"3","2",NA,"7","3","2","3","1","8",NA,NA
"3","3",NA,"9","5","2","5","1","5",NA,NA
NA,"3","1","2","4","1",NA,"1",NA,NA,"4"
NA,"6","2","5","5","2","6","1",NA,NA,"5"
"3","3",NA,"6","3","2",NA,"1","4",NA,"6"
NA,"3","1","3","5","1","4","1","10","1",NA
"4","6",NA,"7","5","2",NA,"1",NA,"1","8"
NA,"1","2","6","5","2","2","1","3",NA,NA
"2","7","1","6","5","2","2","1","17","1","3"
NA,"6",NA,"6","5","2",NA,"1",NA,NA,"3"
NA,"5","2","7","5","2",NA,"1",NA,NA,"4"
NA,"5",NA,"8","5","2","4","1",NA,NA,NA
"2","1","1","3","5","2",NA,"1","9","3",NA
NA,"5",NA,"9","5","2","5","1","10",NA,NA
"3","5","3","6","5","2",NA,"2",NA,"3",NA
"5","6","4","7","5","2","6","1",NA,"3","7"
NA,"2","1","8","5","2","5","1","8",NA,"3"
NA,"6","2","7","5","2",NA,"1",NA,"3","7"
NA,"4",NA,"9","5","3","3","1","11","3",NA
NA,"1","2","5","5","1","5","1",NA,"3",NA
NA,"6",NA,"11","5","2","5","1",NA,"3","10"
"2","1",NA,"4","5","4",NA,"1","10","3",NA
"3","5",NA,"9","5","4","7","1","12",NA,NA
"4","2",NA,"8","5","2","5","1","5","3",NA
"2","2","1","6","5","2",NA,"1","8","3",NA
NA,"1",NA,"7","5","2","5","1",NA,NA,NA
NA,"5",NA,"4","3","3",NA,"1","11",NA,"3"
NA,"3","1","3","4","1",NA,"1","6","3",NA
"1","3",NA,"7","5","3","1","1","8","1",NA
NA,"6","1","7","5","1",NA,"1",NA,"3","3"
"3","3","2","6","5","2",NA,"1","8","3",NA
"1","1","1","3","4","1","7","1","5",NA,NA
NA,"7","2","7","5","2",NA,"1",NA,NA,"4"
NA,"3","1","5","5","1","3","1",NA,NA,"3"
NA,"3",NA,"4","3","2","5","1","7",NA,"4"
"3","4","3","6","5","2","4","1","3","3",NA
"4","5",NA,"10","5","2","6","1",NA,"3","12"
"1","2","1","3","5","1","3","1",NA,"3",NA
NA,"1","1","4","4","1","2","1",NA,"3",NA
"3","1",NA,"6","3","2","4","1","7","3","6"
"2","2","1","2","2","1","5","1",NA,"3",NA
NA,"1","4","8","5","2","6","1","6","3",NA
"2","6","2","6","5","2",NA,"1",NA,"1",NA
NA,"5","1","5","5","2",NA,"1","11","3","4"
NA,"6",NA,"9","5","2",NA,"1",NA,"1","6"
"4","4",NA,"5","5","3",NA,"1","11","3","9"
NA,"3","4","6","5","1","3","1",NA,"3",NA
"2","5","1","4","5","2","3","1","16","1","3"
"2","3","2","4","4","1","3","1","5",NA,"5"
"3","6","1","6","5","2",NA,"1",NA,NA,"6"
NA,"3",NA,"4","4","3","6","1","6",NA,"6"
"4","5","3","5","5","1","3","2",NA,NA,"3"
NA,"4","6","7","5","2",NA,"1","6",NA,"8"
"2","3",NA,"6","5","3","4","1","9","3",NA
"3","6",NA,"5","5","2",NA,"1","11",NA,"6"
NA,"6",NA,"6","5","3","4","1","10","3","13"
"3","5",NA,"8","5","2","5","1",NA,NA,"6"
"2","7","1","5","5","2",NA,"1",NA,NA,"4"
"3","7","2","4","5","2",NA,"1","12","1","5"
NA,"2",NA,"6","5","3","3","1","8","1",NA
NA,"7","5","5","5","2",NA,"1",NA,NA,"3"
NA,"3",NA,"9","5","2","3","1","7",NA,NA
"3","5","2","8","5","2",NA,"1","8","3","3"
"2","4","1","7","5","1",NA,"1",NA,"3","4"
"2","3","3","5","5","2",NA,"1","8","3",NA
NA,"3","5","6","5","2","3","1","7","3",NA
"3","1","2","5","5","2","6","1","12","1",NA
NA,"3",NA,"6","5","4","4","1","14","2",NA
NA,"4","3","6","5","2","5","1",NA,"3","7"
NA,"5","1","5","5","2",NA,"1","15","1","3"
NA,"1","1","2","5","1",NA,"1","9",NA,NA
NA,"6","2","5","5","2",NA,"1",NA,NA,"3"
NA,"7","1","6","5","1","5","1",NA,NA,"4"
NA,"3","4","5","5","2","5","1",NA,NA,NA
"3","6",NA,"7","5","3",NA,"1","10","3","3"
"2","3",NA,"3","5","3",NA,"1","12",NA,NA
"3","7","2","10","5","2","7","1","11",NA,"4"
"3","4","4","4","4","2",NA,"1","3","3","6"
"2","2","1","4","3","1","3","1",NA,"3","4"
"2","4","1","3","4","1","6","1",NA,"3","6"
"3","3","4","4","5","2","4","1","3","3",NA
"3","5","3","6","5","2",NA,"1",NA,NA,"3"
NA,"3","2","4","5","2","3","1","3",NA,NA
"3","2",NA,"10","5","3","3","1","9","3",NA
NA,"3",NA,"10","5","2","2","1",NA,"1",NA
"2","5",NA,"4","5","3","3","1","12","3","5"
NA,"3","1","1","3","2",NA,"1","11",NA,"3"
"3","5","1","7","5","2",NA,"1",NA,NA,"10"
NA,"3","5","4","5","2",NA,"1",NA,NA,NA
"3","2","2","5","5","2",NA,"1","3",NA,NA
NA,"1","2","4","4","1","3","2","4",NA,NA
"5","6","3","8","5","2","6","1",NA,NA,"7"
"3","4",NA,"7","5","3",NA,"1","6",NA,NA
NA,"3",NA,"5","3","3",NA,"1","6",NA,NA
"3","7",NA,"7","5","2","3","1",NA,"1","2"
NA,"4",NA,"10","5","2","4","1",NA,"3","7"
NA,"5",NA,"8","5","3","3","1","8","3",NA
"3","7","2","4","5","2",NA,"1",NA,"1","4"
"2","3","2","4","5","1",NA,"1",NA,NA,NA
NA,"1",NA,"5","5","2",NA,"1","2",NA,NA
"3","4",NA,"18","5","2","6","1",NA,"3","8"
NA,"5",NA,"6","5","3","3","1","6",NA,"6"
NA,"7","2","4","5","2",NA,"1",NA,"3","3"
NA,"6",NA,"7","5","2",NA,"1",NA,"1","10"
"3","5","4","5","5","2",NA,"1","8","3","6"
"4","6","2","6","5","2",NA,"1",NA,"2","4"
"3","2","4","6","4","2","5","1","5","3",NA
NA,"3","2","7","5","2","3","1","7",NA,NA
"2","3","6","5","5","2",NA,"1","4",NA,NA
"4","6",NA,"10","5","2","5","1",NA,"3","7"
"3","6",NA,"10","5","3","7","1","11","1","4"
NA,"7",NA,"7","1","2","2","1",NA,NA,"3"
"3","7",NA,"5","5","4","3","1","11","1","3"
NA,"7",NA,"5","5","2","3","1",NA,"1","4"
NA,"5","2","3","5","1",NA,"1",NA,NA,"2"
"1","5","1","1","3","1",NA,"1",NA,"1","3"
"4","6","2","3","5","1",NA,"1",NA,"3","4"
NA,"3",NA,"6","5","3",NA,"1","6",NA,NA
NA,"4","2","5","5","2","2","1",NA,"3","5"
"2","2",NA,"2","1","2",NA,"1","10",NA,"3"
"6","7","2","10","5","2",NA,"1",NA,NA,"4"
NA,"7","2","6","5","2",NA,"1","13",NA,"4"
NA,"1","1","3","5","1",NA,"1",NA,NA,NA
NA,"6",NA,"9","5","2","4","1",NA,"3","10"
"3","5","2","1","5","2",NA,"1","12","1","5"
"3","4","1","4","5","2","3","1","11",NA,"5"
"2","5","1","2","5","3",NA,"1","10","2","5"
"2","3","1","4","5","2","6","1","13",NA,NA
NA,"7",NA,"9","5","2",NA,"1","7",NA,"3"
NA,"5","6","5","5","2",NA,"1","9",NA,"4"
"3","6","1","4","5","2",NA,"1","14","1","3"
"4","5",NA,"6","5","3",NA,"1","10","1",NA
"3","3",NA,"12","5","2","6","1",NA,"3","7"
NA,"5",NA,"8","5","2","3","1",NA,"3","5"
"4","2","6","7","5","2","6","1","7","3",NA
NA,"3","2","2","4","3",NA,"1","4",NA,NA
"2","2","1","5","5","1","5","1",NA,"3",NA
"3","7",NA,"7","4","3","5","1",NA,"1","3"
"5","6",NA,"5","5","3",NA,"1","9","3","5"
NA,"4","1","1","4","1",NA,"1","5","3","3"
NA,"2","1","5","5","2","3","1","10","3",NA
NA,"3","4","7","5","1","3","1",NA,NA,"4"
"3","6",NA,"9","5","2","5","1","11","1","3"
NA,"7",NA,"9","5","2","3","1",NA,"1","3"
NA,"4","2","8","5","2","3","1",NA,"3",NA
"4","3",NA,"5","4","2",NA,"1","7","3","7"
NA,"5","1","3","5","2",NA,"1","12",NA,"3"
NA,"6","2","5","5","1",NA,"1",NA,"1","3"
"3","2",NA,"5","4","2","6","1","9",NA,NA
"2","2","2","4","5","1","4","1","6",NA,NA
"3","3","2","5","5","2",NA,"1","4","3",NA
NA,"1","2","2","4","1","5","1","3",NA,NA
NA,"2",NA,"9","5","2","5","1",NA,NA,NA
"4","4","4","8","4","1","6","1",NA,NA,"5"
NA,"3","1","4","5","2","3","1","12",NA,NA
NA,"4","1","6","5","2",NA,"1","14","1",NA
"2","5","1","4","5","2",NA,"1","8","3","5"
NA,"1","1","1","5","1","4","1","10",NA,NA
"3","7","2","8","5","1","3","1",NA,"3","5"
"3","7","4","7","5","2",NA,"1",NA,NA,"5"
"3","5",NA,"6","5","2","5","1","6",NA,"2"
NA,"5","3","6","5","1",NA,"1",NA,NA,"7"
"3","3","2","6","5","2",NA,"1","10",NA,NA
NA,"3",NA,"7","4","3","3","2","8","3",NA
NA,"4","7","9","5","2","3","1",NA,NA,NA
"2","6","1","7","5","2",NA,"1",NA,NA,"7"
"2","7","3","7","5","2",NA,"1",NA,NA,"3"
"2","1",NA,"8","5","2","4","1","7",NA,NA
"2","4",NA,"10","5","3","6","1","11","1",NA
"5","3",NA,"7","4","2",NA,"1",NA,"3","4"
NA,"5","4","8","5","2","4","1",NA,"3","5"
NA,"7","2","5","5","2",NA,"1",NA,NA,"4"
NA,"5","3","4","4","2",NA,"1","5","3","4"
NA,"5","1","3","5","2",NA,"1","16",NA,"3"
NA,"4","2","4","5","1","4","1",NA,NA,"4"
NA,"2",NA,"11","5","2","3","1","6",NA,NA
"4","5","3","5","4","1",NA,"1",NA,"3","9"
"3","6","2","7","5","2","3","1",NA,NA,"7"
NA,"2","2","5","5","2",NA,"1","5",NA,NA
"3","3",NA,"3","5","3","3","1","8","3",NA
"3","1","2","3","4","1","3","1",NA,NA,NA
"3","5",NA,"5","5","3",NA,"1","12",NA,"7"
"3","2",NA,"6","5","2","3","1","8","3",NA
NA,"5",NA,"10","5","3","4","1","9",NA,"5"
"2","5",NA,"7","5","2",NA,"1",NA,NA,"3"
NA,"7","3","1","5","2",NA,"2",NA,NA,"4"
"3","4","1","10","5","1","6","1",NA,NA,"7"
"2","3","3","6","5","1",NA,"1","4",NA,"5"
"3","5",NA,"5","5","3","6","1","10","3","3"
"2","6","1","4","5","1","6","1",NA,NA,"6"
"2","5","1","5","5","1",NA,"1",NA,"3","4"
"3","2","3","4","5","2",NA,"1","7",NA,NA
"2","4",NA,"8","5","2","6","1",NA,NA,"13"
"2","7",NA,"7","5","4","3","1","11","2","4"
NA,"5","5","8","5","2","3","1",NA,NA,"4"
"3","6","2","7","5","2",NA,"1",NA,NA,"4"
"1","7","3","5","5","1",NA,"1",NA,"3","6"
NA,"5","2","5","5","1",NA,"1","7","3","4"
NA,"5","4","5","4","2",NA,"1",NA,"3","5"
NA,"7","2","6","5","2",NA,"1","11","2","3"
NA,"3","3","4","5","1","2","1",NA,"3","5"
"3","7","2","7","5","2","5","1",NA,"1","7"
"2","5","2","5","4","1",NA,"1",NA,"3","3"
NA,"7",NA,"9","5","3","3","1",NA,NA,"5"
NA,"5",NA,"9","5","2","6","1",NA,"3","5"
"2","7","3","7","5","2",NA,"1",NA,"1","5"
"2","7","1","6","5","2",NA,"1",NA,"1","4"
NA,"1","5","8","5","2","3","1",NA,NA,NA
NA,"7",NA,"6","5","4",NA,"1","10",NA,"6"
NA,"1","3","4","5","1","5","2","3",NA,NA
NA,"2","3","6","5","2","3","1","6",NA,NA
"2","1",NA,"2","5","4","5","1","11",NA,NA
NA,"5","1","6","5","2",NA,"1",NA,"1","3"
NA,"3","4","6","5","2",NA,"1","6","3",NA
"3","1",NA,"12","5","2","5","1",NA,"3",NA
NA,"7",NA,"5","5","3",NA,"1","12","1","4"
NA,"4",NA,"4","5","3",NA,"1","11","3",NA
NA,"6","1","6","5","2","3","1",NA,NA,"4"
"2","2",NA,"6","4","2","2","1","5","1",NA
"3","2","3","5","5","1","4","1",NA,NA,NA
NA,"3","1","7","5","1","3","1",NA,"3",NA
"2","2","1","4","5","1","5","1",NA,"3",NA
"3","6",NA,"6","4","3",NA,"1",NA,"1","5"
"3","7",NA,"8","5","2","3","1",NA,NA,"6"
"3","7",NA,"8","5","2",NA,"1",NA,"1","3"
"3","7","4","7","5","2","3","1",NA,NA,"6"
"4","3","3","6","5","2","2","1","8",NA,NA
NA,"7",NA,"7","5","2",NA,"1",NA,"1","4"
"3","3",NA,"6","5","3","6","1","9","3",NA
NA,"6",NA,"5","5","4",NA,"1","7","1","3"
"4","5","4","5","4","2",NA,"1",NA,NA,"5"
"4","3",NA,"7","4","2","5","1","5","3",NA
NA,"7","1","6","5","1",NA,"1",NA,"3","4"
"2","5","3","4","5","1",NA,"1",NA,"3","3"
"5","7",NA,"6","5","4",NA,"1","9",NA,"13"
NA,"5","5","6","5","2",NA,"1","8",NA,"4"
"5","5","4","7","5","2","5","1",NA,NA,"5"
"4","5",NA,"11","5","2","6","1","8","3","13"
"3","3","2","7","5","1","3","1",NA,NA,"5"
NA,"4",NA,"9","5","2","3","1","9",NA,"5"
"4","3",NA,"5","2","1","2","1",NA,"3","4"
"3","3","2","4","5","2","3","1","3",NA,"4"
NA,"3","7","4","2","1","2","1",NA,"1","2"
"2","1",NA,"7","5","4",NA,"1","9","3",NA
NA,"5","1","4","5","2",NA,"1","10",NA,"5"
"1","3","1","4","5","3","2","1","10",NA,NA
"3","4",NA,"8","5","2","5","1",NA,"3","3"
NA,"1",NA,"4","2","4",NA,"1","9",NA,NA
"5","6","1","8","5","2","3","1",NA,NA,"4"
NA,"5",NA,"6","2","2","3","1",NA,NA,"7"
"2","1","1","3","4","1","3","1",NA,NA,NA
"3","4",NA,"5","5","4","3","1","11","3",NA
NA,"6",NA,"6","5","4",NA,"1","10","3",NA
NA,"2",NA,"10","5","3","3","1","6","3",NA
"3","4",NA,"8","5","3","3","2","4",NA,NA
NA,"1","1","2","5","1",NA,"1",NA,NA,NA
"3","3","2","4","5","1","3","1",NA,"3","6"
"5","7",NA,"7","5","2",NA,"1",NA,"2","5"
"3","5","1","5","5","2",NA,"1","13",NA,"9"
"3","2",NA,"4","5","3","3","1","9","3",NA
NA,"1","4","4","5","1","3","1",NA,NA,NA
NA,"6",NA,"6","5","2",NA,"1",NA,NA,"7"
"4","5",NA,"7","5","3","3","1","7","3","5"
"2","6",NA,"7","5","3",NA,"1","14","1","3"
"3","5","2","6","5","2","2","1",NA,"1","5"
"3","1",NA,"11","5","2","6","1","4","3",NA
NA,"7","2","7","5","2",NA,"1",NA,"1","5"
"3","5","3","4","4","2",NA,"1","9","3",NA
"1","7","1","6","5","2",NA,"1",NA,NA,"5"
NA,"6",NA,"9","5","2","5","1",NA,"1","3"
"3","3",NA,"10","5","2","6","1",NA,NA,NA
"2","5","1","7","5","2","6","1","9","3","13"
NA,"4","2","8","5","2","3","1","10","1","3"
"4","2",NA,"8","5","4","5","1","10","3",NA
"2","2","2","3","5","2","5","1","15","1",NA
"4","3","2","4","5","2",NA,"1","8","3","3"
NA,"2","2","7","5","2",NA,"1","10",NA,NA
NA,"6",NA,"7","5","3","3","1",NA,NA,"4"
NA,"3",NA,"4","5","3","5","1","5","3",NA
NA,"3","1","1","5","2",NA,"1","9","2",NA
"2","4","2","6","5","2",NA,"1","13","1",NA
"1","2",NA,"5","5","3","3","1","10",NA,NA
"2","1","1","4","5","3",NA,"1","13","1",NA
NA,"1","1","2","5","2",NA,"1","9",NA,NA
"3","3","4","6","5","2",NA,"1","4","3",NA
"3","4",NA,"1","5","4",NA,"1","13","1",NA
"7","5","2","7","5","3","5","1","5","3",NA
"3","2","3","4","5","2",NA,"1","9","2",NA
NA,"3","1","3","4","2","3","1","15","1",NA
"4","5",NA,"6","5","3","3","1","9","3","5"
"2","2",NA,"4","4","2",NA,"1","5","3",NA
NA,"3","5","7","5","2","3","1",NA,"3",NA
"4","3","3","4","5","2",NA,"1","3","3",NA
NA,"1","1","4","5","1","4","1",NA,"1",NA
NA,"7",NA,"8","5","2","1","1","11",NA,"4"
NA,"1","2","8","5","2","7","1","10",NA,NA
NA,"5","1","6","5","1","6","1",NA,"3","7"
NA,"1","3","6","5","2","3","1","6","3",NA
"2","4",NA,"3","2","2","3","1","9",NA,"3"
NA,"4","2","7","5","2","6","1","11","2","4"
NA,"6",NA,"8","5","3",NA,"1","9","3",NA
NA,"1","1","4","5","1","3","1","9","2",NA
NA,"4",NA,"3","5","3",NA,"1","10","2",NA
"4","1","2","4","4","2","2","1","7",NA,NA
NA,"6",NA,"5","5","3","5","1","9","3","8"
"3","7",NA,"6","5","4",NA,"1","11",NA,"4"
"2","5","4","7","5","2","6","1",NA,NA,"6"
"4","3",NA,"8","5","2","3","1","10",NA,NA
"1","4","1","5","5","1",NA,"1",NA,"3","4"
"5","4",NA,"12","5","3","5","1","6",NA,"7"
NA,"1",NA,"8","5","3","3","1","7",NA,NA
NA,"1","1","3","5","2",NA,"1","17","1",NA
"3","3",NA,"9","5","2","4","1","6","3",NA
NA,"4",NA,"5","5","3",NA,"1","8","3",NA
NA,"7","2","7","5","2","7","1",NA,NA,"13"
NA,"4","1","4","5","2","2","1","8","1",NA
NA,"4",NA,"17","5","2","5","1",NA,"3",NA
"3","2","2","4","5","2",NA,"1","3",NA,NA
NA,"3","2","7","5","1",NA,"1",NA,"3","8"
NA,"3",NA,"6","5","3","3","1","6",NA,NA
NA,"1",NA,"8","5","2","6","1","5","3",NA
"2","2","2","2","4","1",NA,"1","2",NA,NA
NA,"7",NA,"7","4","2","3","1",NA,"2","4"
"3","5",NA,"6","5","4",NA,"1","13","1",NA
NA,"6","1","6","5","1",NA,"1",NA,"3","3"
NA,"3",NA,"6","5","3",NA,"1","7","3",NA
NA,"5","4","5","4","2",NA,"1",NA,"3","5"
NA,"5","4","9","5","2","3","1",NA,NA,NA
"3","3","7","6","5","2","3","1","4",NA,NA
"2","7","1","7","5","2",NA,"1",NA,"1","13"
"3","5",NA,"9","5","3","5","1","12","3","8"
"2","2",NA,"6","4","2","5","1","3","3",NA
"2","1",NA,"3","5","4","3","1","10","3",NA
NA,"3",NA,"5","5","2","6","1",NA,NA,"6"
"4","6","4","7","5","2",NA,"1",NA,"3","5"
"3","7","2","6","5","2","3","1",NA,NA,NA
NA,"5","2","5","5","2",NA,"1",NA,NA,NA
"2","1",NA,"6","5","2","4","1","9","3",NA
"5","4",NA,"9","5","2","3","1",NA,NA,"7"
NA,"1",NA,"7","5","3","3","1","11",NA,NA
"4","4",NA,"7","4","2","3","1","8","3",NA
"2","7","2","6","5","2",NA,"1",NA,NA,"6"
NA,"3",NA,"10","5","3","7","1","8",NA,NA
"3","1","2","5","5","2",NA,"1","8",NA,NA
"6","6",NA,"7","5","2",NA,"1",NA,NA,"6"
NA,"4","2","5","5","2",NA,"1","10","3",NA
NA,"3","4","4","5","3",NA,"1","3","3",NA
"4","6","2","6","5","2",NA,"1",NA,"1","3"
NA,"3",NA,"3","1","3","2","1","9","3","3"
NA,"5",NA,"9","5","2",NA,"1",NA,NA,"6"
"3","6","3","9","5","2","6","1",NA,"1","2"
"2","3","1","5","5","2","3","1","11",NA,NA
"3","7","2","7","5","2",NA,"1",NA,NA,"4"
"2","2",NA,"7","5","3","3","1","13","3",NA
NA,"5","2","8","5","2","6","1",NA,NA,"13"
"3","3","2","8","5","2","3","1","8","3",NA
"2","3",NA,"5","5","3","4","1","7",NA,NA
NA,"3","2","3","4","2",NA,"1",NA,NA,NA
NA,"3","1","6","5","1",NA,"1",NA,NA,NA
"3","3","2","6","5","2","3","1","2","3",NA
"1","1","1","2","5","3","5","1","11","1",NA
NA,"2","2","3","5","1",NA,"1","4","3",NA
NA,"7","3","8","5","2",NA,"1",NA,NA,"3"
"3","4",NA,"8","5","2","6","1",NA,NA,NA
NA,"3","2","5","5","2",NA,"1","10",NA,NA
NA,"6","1","4","5","2",NA,"1","11",NA,"3"
NA,"6",NA,"5","4","3",NA,"1","8","3","5"
"3","3","2","7","5","2",NA,"1",NA,NA,NA
NA,"4","2","3","5","1",NA,"1",NA,NA,"4"
NA,"3","4","6","5","2","3","1","10",NA,NA
NA,"7","1","5","5","2",NA,"1",NA,"2","4"
NA,"4","5","7","5","2",NA,"1","4",NA,NA
"4","5","3","6","5","2",NA,"1",NA,"3","5"
NA,"5",NA,"7","2","2","2","1","10",NA,"3"
NA,"7",NA,"16","5","2","3","1",NA,"3","13"
NA,"3","1","6","5","1",NA,"1",NA,NA,"4"
"3","4",NA,"6","5","3","6","1","12",NA,NA
"3","4","3","8","5","2","3","1",NA,"3",NA
"3","5","4","6","5","2","6","1","6","3","10"
"1","1","1","4","4","1","5","1",NA,"3",NA
NA,"4","1","4","5","1",NA,"1",NA,"3",NA
"1","5","1","6","5","1",NA,"1",NA,"3","4"
NA,"2","2","3","5","2",NA,"2","3","3",NA
"2","7","1","7","5","2",NA,"1",NA,"3","5"
NA,"2",NA,"5","5","3",NA,"1","7","3",NA
NA,"4",NA,"5","5","4",NA,"1","11",NA,NA
NA,"5",NA,"9","5","2","6","1","7",NA,NA
"3","2","7","10","5","1","3","1",NA,"3",NA
"1","3","1","9","5","1","2","1",NA,"3","4"
"3","4",NA,"6","5","2","3","1","4",NA,"6"
NA,"4","2","8","5","2","6","1",NA,NA,"8"
NA,"7",NA,"5","5","3",NA,"1","13","1","4"
"3","1",NA,"9","4","2","5","1","2","3",NA
"2","1","1","9","5","1","5","1",NA,NA,NA
NA,"3","2","7","5","2","7","1","5",NA,NA
"3","1","3","5","5","2","2","1","2","2",NA
NA,"6",NA,"5","3","2","2","1","15",NA,"3"
"3","7","2","7","5","2","4","1","10","3","5"
NA,"5",NA,"6","5","3","3","1","10","3","4"
NA,"1","1","1","5","2",NA,"1","6",NA,NA
"3","6","1","5","5","2",NA,"1",NA,NA,"4"
"1","5","2","4","5","2",NA,"1","9","3","6"
NA,"1","2","6","4","1","3","2",NA,NA,NA
"3","3","2","4","4","1",NA,"1","3","3",NA
"3","5","3","7","4","2","6","1","8",NA,"2"
NA,"6","3","6","5","3",NA,"1","11",NA,"3"
"4","7","2","6","5","2","3","1",NA,NA,"8"
NA,"2","4","7","5","2","5","1",NA,"2",NA
"2","1","1","4","5","2","5","1","4",NA,NA
"4","1","4","8","5","1","6","1",NA,"3",NA
NA,"1","1","4","5","1",NA,"1",NA,"3",NA
"2","3","1","6","4","2","3","1",NA,NA,NA
"2","3","2","3","5","3",NA,"1","8",NA,NA
"5","6",NA,"14","5","3","3","1",NA,NA,"6"
NA,"4",NA,"7","5","3","4","1","11",NA,"5"
NA,"7","2","7","5","2",NA,"1",NA,"3","8"
NA,"1","6","6","5","2","4","1","6",NA,NA
NA,"6",NA,"7","5","3",NA,"1","11","3",NA
"2","5","2","6","5","2","3","1",NA,"1","4"
NA,"2","2","5","5","1",NA,"1",NA,NA,NA
NA,"7","2","7","5","2",NA,"1",NA,NA,"5"
NA,"4","1","3","5","2",NA,"1","14",NA,NA
NA,"5",NA,"10","5","2","3","1",NA,"2","4"
NA,"3",NA,"12","5","2","5","2",NA,"3",NA
"3","1",NA,"4","5","3","5","1","5","2",NA
"3","4","4","6","5","2","4","1","4",NA,NA
"4","1","4","5","5","2","3","1","3","3",NA
NA,"3","1","6","5","1","5","1",NA,NA,NA
"2","1","1","5","5","1","5","1",NA,"3",NA
"1","1",NA,"4","4","2",NA,"1","15","1",NA
"4","3","4","5","5","2","2","1","4","3",NA
NA,"3","1","5","5","2",NA,"1","8",NA,"4"
NA,"1","2","7","5","2","5","1","11",NA,NA
NA,"5",NA,"10","3","2","3","1",NA,NA,"5"
NA,"3","2","5","5","2",NA,"1","11",NA,NA
"2","6",NA,"5","5","2",NA,"1",NA,NA,"3"
NA,"3",NA,"6","5","3",NA,"1","10","1",NA
NA,"7",NA,"7","4","2",NA,"1",NA,"1","3"
"1","3","1","1","5","2",NA,"1","16","1",NA
"2","5",NA,"5","3","2","6","1",NA,NA,"3"
"1","1","6","4","5","1",NA,"1",NA,"3",NA
NA,"4","2","6","5","2","5","1","10",NA,"13"
"3","5",NA,"2","3","4","2","1","6",NA,"4"
NA,"4","1","4","3","1",NA,"1",NA,"1","3"
NA,"3","1","1","5","2",NA,"1","17","1",NA
NA,"3",NA,"7","4","2","5","1",NA,NA,"6"
"3","5",NA,"8","5","4",NA,"1","8",NA,NA
"3","3",NA,"7","5","2","6","1",NA,NA,NA
"4","5","3","6","5","2",NA,"1","8",NA,"4"
"3","7","2","7","5","2",NA,"1",NA,NA,"6"
"5","6",NA,"8","5","3",NA,"1",NA,"2","6"
"1","3","1","4","5","3",NA,"1","10",NA,NA
NA,"5",NA,"9","5","3","3","1","11",NA,NA
NA,"3","1","4","5","1","3","1",NA,"3","3"
"3","3","4","5","2","1","3","1",NA,NA,"3"
NA,"6","1","8","5","2",NA,"1",NA,"3","13"
NA,"3","1","6","5","2","3","1","12","1",NA
"3","3",NA,"6","5","3","6","1","9","3",NA
"3","3",NA,"4","1","2",NA,"1","10","1","2"
NA,"4","3","5","4","1",NA,"1",NA,NA,"4"
"2","5",NA,"11","5","2","5","1",NA,NA,"4"
"3","4","3","5","4","1","3","1",NA,"3","4"
"2","7",NA,"6","5","3",NA,"1","12",NA,"6"
"3","6",NA,"7","5","2","6","1",NA,"3","13"
"5","5",NA,"3","3","3",NA,"1","8",NA,"5"
"2","4",NA,"6","5","4","3","1","10",NA,NA
NA,"5","1","4","5","2",NA,"1","14","1","4"
NA,"3","2","7","5","2","7","1","7",NA,NA
"2","7","1","5","5","1",NA,"1",NA,"3","7"
"2","7",NA,"8","5","2","3","1",NA,NA,"3"
"3","5","4","4","5","2",NA,"1","6",NA,"4"
"2","4","1","3","5","1",NA,"1","3","3","5"
"7","6",NA,"12","5","2","3","1",NA,"2","3"
"5","4",NA,"5","5","4","3","1","7",NA,NA
"4","6",NA,"4","4","3",NA,"1","10",NA,"4"
NA,"6",NA,"4","5","3",NA,"1","15","1",NA
NA,"5",NA,"5","5","3",NA,"1","13",NA,NA
NA,"7",NA,"10","5","2","5","1","11",NA,"7"
"5","5","2","7","5","1","6","1",NA,NA,"4"
"4","5",NA,"5","5","4",NA,"1","11","1",NA
"4","3",NA,"10","5","2","4","1","10","2","4"
"2","7","1","3","5","1",NA,"1",NA,"2","2"
"2","5",NA,"5","5","3","6","1","14",NA,"13"
NA,"5",NA,"6","4","3","3","1","10","1","2"
NA,"6",NA,"4","5","3",NA,"1","8",NA,"5"
NA,"7",NA,"9","5","2","6","1",NA,NA,"3"
NA,"7",NA,"5","5","3",NA,"1","13",NA,"4"
"2","1",NA,"3","5","2","6","1","3","3",NA
"3","7",NA,"8","5","2",NA,"1",NA,"2","5"
NA,"7","2","5","5","2",NA,"1","13",NA,"3"
"2","2","1","3","5","2","5","1","8",NA,NA
"6","2","2","5","5","1",NA,"1","6","3",NA
"2","4","1","6","5","2",NA,"1","14","1",NA
NA,"1","1","5","5","3","3","1","11","3",NA
"4","4",NA,"12","5","2","5","1","6","3","7"
NA,"4",NA,"6","5","3","3","1","8","3",NA
NA,"5",NA,"9","4","2","2","1",NA,"3","4"
"3","3","2","4","5","2",NA,"1","8",NA,"6"
"2","5",NA,"8","5","2","3","1",NA,NA,NA
"1","3","1","3","5","2","3","1","17","1",NA
"2","4",NA,"7","5","4","3","1","9","3",NA
NA,"7","2","7","5","2",NA,"1",NA,NA,"2"
NA,"5","2","7","5","2","3","1",NA,NA,"4"
NA,"1","1","5","5","1","3","1",NA,NA,NA
NA,"6",NA,"6","5","4",NA,"1","14",NA,"4"
"2","3","1","1","5","1",NA,"1","8","3","4"
NA,"6",NA,"4","5","3",NA,"1","12",NA,"3"
"3","3",NA,"10","4","2","5","1",NA,NA,NA
NA,"6","3","12","5","2","5","1",NA,"1","13"
"2","7","1","5","5","2",NA,"1","13","3","5"
"3","4","2","7","5","2","4","1",NA,NA,"8"
"5","2",NA,"10","5","3","5","1","10",NA,NA
"4","5",NA,"7","5","3","3","1","6",NA,NA
"5","4","2","7","5","2","3","1",NA,NA,"6"
"3","7","1","7","5","2","6","1",NA,"1","5"
NA,"1",NA,"9","5","2","6","1","5","3",NA
NA,"5",NA,"5","5","4",NA,"1","4",NA,NA
NA,"3","4","5","4","1","5","1",NA,"3","3"
"4","4","5","9","5","2","2","1","4","3",NA
"3","6",NA,"11","5","4","6","1","13",NA,"13"
NA,"1","2","5","4","2","3","1",NA,"3",NA
"2","2","1","2","5","2",NA,"1","6","3",NA
"3","1",NA,"8","5","2","5","1","4","3",NA
NA,"7","2","7","5","2","3","1",NA,NA,"5"
"2","2","1","8","5","2","3","2","5","3",NA
NA,"7",NA,"7","5","2",NA,"1",NA,"3","4"
"2","5","3","5","5","2","3","1","6","3","3"
"4","7","1","7","5","2","5","1","14","1","6"
NA,"6",NA,"7","5","2","5","1",NA,"3","5"
"1","3","2","7","5","2",NA,"1","7","3",NA
NA,"7","1","5","5","2",NA,"1",NA,NA,"4"
NA,"3",NA,"10","5","4","3","1","4",NA,NA
"2","4","1","7","5","2","3","1","15","1","4"
"3","5",NA,"3","4","3",NA,"1","10","3",NA
"1","6",NA,"4","2","1","3","1",NA,NA,"3"
"2","4","1","5","5","2",NA,"1",NA,NA,NA
NA,"1","1","3","5","3",NA,"1","9","3",NA
NA,"3","2","5","5","2",NA,"1",NA,"3",NA
"3","5","3","6","5","2","5","1",NA,NA,"4"
NA,"4",NA,"7","5","2","5","1","4","3","5"
NA,"3","3","4","5","2","5","1","8",NA,NA
"3","7","1","4","5","1","3","1",NA,NA,"3"
"4","4",NA,"5","5","3",NA,"1","9","3",NA
"2","5","1","4","5","2",NA,"1","15","1",NA
"1","3",NA,"9","5","4",NA,"1","13","1",NA
NA,"3","1","5","5","2",NA,"1","11",NA,NA
NA,"3",NA,"9","5","2","5","1",NA,"3",NA
"2","7","2","5","5","2",NA,"1",NA,"1","4"
"3","6","2","5","5","1",NA,"1",NA,"3","5"
NA,"6",NA,"3","4","3",NA,"1","12","1","5"
"4","2","3","5","5","2","3","1","3","3",NA
NA,"3",NA,"2","2","2",NA,"1","10",NA,"4"
NA,"5","2","7","5","2","4","1",NA,"3","6"
"3","2",NA,"8","4","2","3","1","6",NA,NA
NA,"1","4","5","5","2","2","1","6",NA,NA
"2","5","1","7","5","2",NA,"1",NA,"1","4"
"3","4","1","6","5","1",NA,"1",NA,NA,"4"
"4","6","3","9","5","2","3","1",NA,"3","5"
NA,"1","2","6","5","2","3","1","8",NA,NA
NA,"5",NA,"10","5","4","4","1","8","3",NA
"3","1","3","10","5","2","6","1","5","3",NA
"3","6","2","5","5","2",NA,"1",NA,"3","3"
NA,"5","4","8","5","2",NA,"1",NA,"3","8"
NA,"6","2","5","5","2",NA,"1",NA,"3","5"
"3","6","2","7","5","2","4","1",NA,"3","5"
NA,"2",NA,"10","5","4","5","1","7","3",NA
NA,"1","1","5","5","2","3","1","13",NA,NA
NA,"5",NA,"9","5","3",NA,"1",NA,NA,NA
"2","6","2","5","5","2",NA,"1",NA,"1","5"
"3","3","5","6","5","1","3","1",NA,NA,NA
"2","4","1","8","5","1","6","1",NA,"1","5"
"2","3","2","5","5","2","3","1","12","2",NA
"5","7","1","7","5","1",NA,"1",NA,NA,"4"
"3","4",NA,"8","5","4",NA,"1","8",NA,NA
"2","2","1","3","4","1","5","1",NA,NA,NA
"3","3",NA,"5","4","3","3","1","6","3",NA
NA,"5","1","7","5","2","3","1",NA,NA,NA
"3","5","2","6","5","2","5","1",NA,NA,"4"
"3","3","4","4","4","2",NA,"1","8","3",NA
NA,"1","1","2","5","1",NA,"1",NA,NA,NA
"3","7",NA,"6","2","3",NA,"1","14",NA,"6"
"2","4",NA,"4","2","2","6","1",NA,NA,"3"
"3","1",NA,"8","5","2","1","1","6","3",NA
"3","2",NA,"10","5","2","7","1","6","3",NA
NA,"3","4","6","5","2",NA,"1","3","3",NA
"5","3",NA,"8","5","3","4","1","5",NA,NA
"3","4","4","5","5","2","5","1","5","3","9"
NA,"1","1","3","4","2","7","1","4","3",NA
NA,"4",NA,"7","3","2","2","1","8","3",NA
NA,"6",NA,"7","5","3",NA,"1","12",NA,"4"
"3","1",NA,"5","5","4",NA,"1","10","1",NA
"3","6",NA,"9","5","3",NA,"1","12","2",NA
NA,"5","1","8","5","2","6","1",NA,"3","4"
"3","3",NA,"5","2","2","3","1","8","3","4"
"2","5",NA,"4","5","3",NA,"1","15",NA,NA
"3","6",NA,"7","4","4",NA,"2","10","3","7"
NA,"3",NA,"3","4","2",NA,"1","6","2","2"
"4","6",NA,"6","5","3",NA,"1","14",NA,"3"
"3","6",NA,"5","5","4",NA,"1","11","3","7"
NA,"2",NA,"5","5","4","3","1","12",NA,NA
NA,"3","1","5","4","1",NA,"1",NA,NA,NA
NA,"7","1","14","5","1","3","1",NA,"3","4"
"3","2",NA,"6","5","3","2","1","10",NA,NA
NA,"2","3","3","4","1",NA,"1",NA,"3",NA
NA,"1","2","6","5","2",NA,"1","2",NA,NA
"3","3","4","8","5","2","5","1",NA,"3",NA
NA,"6","2","7","5","1","4","1",NA,"3","5"
"2","3","6","5","5","2",NA,"1",NA,NA,"4"
"3","5","2","5","5","2",NA,"1",NA,"3","4"
"3","3","2","4","5","2",NA,"1","11","3",NA
"3","6",NA,"6","5","3",NA,"1","15",NA,"3"
"3","4","2","4","5","2","2","1","9","3",NA
NA,"6","1","4","5","2",NA,"1",NA,NA,"3"
NA,"6",NA,"10","5","2","5","1",NA,"3","9"
"1","1",NA,"3","1","3","2","1","12","1",NA
NA,"4","1","4","5","3",NA,"1","9","1",NA
"2","4","1","5","5","2",NA,"1",NA,"3",NA
NA,"6",NA,"7","5","4",NA,"1","11","3",NA
"3","3","1","6","5","1",NA,"1",NA,NA,NA
NA,"5",NA,"5","3","3",NA,"1","8",NA,"3"
"3","5","3","6","5","2",NA,"1","5",NA,"6"
NA,"7",NA,"10","5","2","6","1","11","3","5"
NA,"5","2","6","5","2",NA,"1","10",NA,"6"
NA,"2","2","5","4","2","5","2","10",NA,NA
"4","3",NA,"11","5","3","6","1","10",NA,NA
"5","5",NA,"10","5","2","5","1",NA,"3","4"
NA,"3","4","7","5","1","3","1",NA,NA,NA
NA,"6",NA,"6","3","2","3","1",NA,"3","4"
NA,"3","5","6","5","2",NA,"1",NA,"3",NA
NA,"3","1","2","5","2",NA,"1","15","1","8"
NA,"1",NA,"11","5","3","6","1","7","3",NA
"1","1","1","3","5","1",NA,"1",NA,NA,NA
NA,"3","2","4","5","2",NA,"1","2","3",NA
"1","1",NA,"2","5","4","5","1","7",NA,NA
"2","4",NA,"5","3","3","2","1",NA,"3",NA
NA,"5",NA,"6","3","2","2","1",NA,"3","6"
NA,"3","3","8","5","2","5","1",NA,"3",NA
NA,"5",NA,"6","4","3",NA,"1","9","3",NA
"3","6",NA,"12","5","2","5","1",NA,NA,"8"
NA,"3",NA,"8","4","2","3","1","12","1",NA
NA,"7","1","8","5","2",NA,"1",NA,"1","3"
NA,"1","4","7","4","1","3","2",NA,"3",NA
NA,"6","2","6","5","2",NA,"1",NA,"3","5"
NA,"5","1","4","5","1",NA,"1",NA,NA,"2"
NA,"2","2","5","5","2","6","1",NA,NA,NA
NA,"1",NA,"10","5","2","6","1","5",NA,NA
NA,"6",NA,"8","5","2","5","1",NA,"3","9"
NA,"3","1","2","4","1",NA,"1",NA,NA,"9"
"3","4",NA,"11","4","2","6","1",NA,"3","13"
"4","5",NA,"10","5","2","5","1",NA,"2","4"
"3","3",NA,"5","5","4",NA,"1","11",NA,NA
"3","7","2","4","5","2",NA,"2","5","3","5"
"3","3",NA,"5","2","2","2","1","6",NA,"2"
"3","1","2","4","4","2","6","1","4","3",NA
NA,"2","3","4","5","1",NA,"1",NA,NA,NA
NA,"3","1","5","5","1",NA,"1",NA,NA,NA
"2","6","1","5","5","3",NA,"1","12","3","4"
"3","6",NA,"6","5","4",NA,"1","13","2","4"
NA,"7","5","11","5","2","4","1","14","1","4"
NA,"7",NA,"6","4","2",NA,"1",NA,"3","4"
"2","5","4","4","5","2",NA,"1",NA,"3","5"
"2","2","1","4","5","1","3","1",NA,"3",NA
"3","3","2","5","5","2","1","1","3",NA,NA
"3","3","5","5","5","2","3","1","4",NA,NA
NA,"7",NA,"10","4","2","6","1",NA,NA,"8"
"2","5","1","5","5","2",NA,"1","9","3","3"
NA,"4",NA,"6","5","2","5","1",NA,NA,NA
NA,"1",NA,"8","4","2","6","1","4","3",NA
NA,"7","2","6","5","2",NA,"1",NA,"3","3"
NA,"2","2","5","5","1",NA,"2",NA,NA,NA
"2","7",NA,"10","5","3","5","1","11",NA,"3"
"6","6","3","7","5","2","6","1",NA,"3","8"
"1","3","2","3","2","1",NA,"1",NA,"3","3"
"3","5",NA,"11","5","3","5","1","12","3",NA
"2","1","1","1","5","3",NA,"1","4","1",NA
"4","6","2","5","5","2",NA,"1","10","3","6"
"2","7",NA,"6","5","2","6","1",NA,"3","8"
"3","3","4","5","5","2",NA,"1","8",NA,NA
"2","7",NA,"7","5","2","3","1",NA,NA,"3"
"3","6","1","4","5","1",NA,"1",NA,"3","3"
"3","6","2","7","5","2",NA,"1","11","2","5"
NA,"7","3","7","5","1",NA,"1",NA,"3","5"
"1","7","1","7","4","1",NA,"1",NA,"1","3"
NA,"2","2","5","5","2","3","1","16","1",NA
"2","2",NA,"4","5","3",NA,"1","11",NA,NA
"3","5","2","6","5","2",NA,"1",NA,"3","5"
NA,"6","2","5","5","3",NA,"1","12","1","4"
NA,"7","1","7","5","2","3","1",NA,NA,"5"
"4","5",NA,"9","5","3","4","1","9",NA,"6"
NA,"2","1","5","5","1",NA,"1","3",NA,NA
"3","1",NA,"12","5","2","6","1","4","3",NA
NA,"1","1","2","5","1",NA,"1","5",NA,NA
"2","4","3","4","5","1",NA,"1",NA,"2",NA
"3","4",NA,"9","5","2","5","1","6",NA,"7"
"2","7","1","5","5","2",NA,"1","10","3","3"
"2","2","1","4","5","1","7","1","5",NA,NA
"3","1","2","5","5","1","5","1",NA,"3",NA
NA,"1",NA,"5","5","4","4","1","5",NA,NA
NA,"1",NA,"7","5","2","6","1","6","3",NA
"4","5",NA,"16","4","2","3","1",NA,"1","7"
"2","6","1","3","5","2",NA,"1","10",NA,"6"
"2","3","2","3","4","1","6","1",NA,"3","7"
"3","4",NA,"7","4","2","4","1",NA,"3",NA
"6","6",NA,"6","4","3","6","1","10","3","10"
NA,"4",NA,"8","5","2","2","1","7","3","4"
"4","5",NA,"9","5","2","5","1",NA,"2","2"
"3","3","2","2","5","1",NA,"1",NA,NA,"4"
NA,"3","1","3","5","1",NA,"1",NA,NA,"3"
NA,"6","3","5","5","2",NA,"1",NA,"3","3"
"4","3","5","8","5","2","2","1",NA,"3",NA
"2","5","1","5","5","2",NA,"1","9","3","5"
"3","5","4","5","5","2",NA,"1",NA,NA,"5"
"2","4","2","6","5","1","4","1",NA,"2","2"
"2","2",NA,"3","5","3","3","1","12","2",NA
NA,"7",NA,"8","5","3",NA,"1","10","3","4"
"2","3","1","5","5","1",NA,"1",NA,NA,NA
"1","7",NA,"9","5","2","3","1","15",NA,"3"
"3","4","3","8","5","2","5","1",NA,"3","8"
"6","6","3","6","5","2",NA,"1",NA,NA,"13"
NA,"3","1","6","5","2",NA,"1","13",NA,NA
"3","6",NA,"6","5","2","4","1",NA,NA,"3"
NA,"1","3","7","5","1","3","1",NA,"3",NA
"2","2",NA,"7","5","2","3","1","3","3",NA
"2","3","1","6","5","1",NA,"1",NA,"3",NA
"4","6",NA,"7","5","2",NA,"1",NA,"3","5"
"6","7",NA,"5","5","3",NA,"1","10",NA,"3"
"3","4",NA,"7","5","2","5","1","8",NA,"7"
"2","3","3","5","5","2",NA,"1","5","3",NA
NA,"7","2","8","5","2",NA,"1",NA,"1","5"
NA,"6",NA,"7","5","3","4","1","11","3","7"
NA,"6","2","7","5","2",NA,"1",NA,"3","5"
"3","3",NA,"6","5","3","3","1","11","2",NA
"3","5","2","7","5","2",NA,"1",NA,NA,"4"
NA,"5","2","6","5","2","3","1",NA,"3","5"
"3","3","5","6","5","2","6","1",NA,"3",NA
NA,"4",NA,"11","5","2","6","1",NA,"1","3"
"3","7","2","5","5","2",NA,"1",NA,NA,"10"
NA,"5","4","8","5","2","5","1",NA,"3","6"
NA,"4",NA,"5","5","3",NA,"1","12","1",NA
NA,"6","2","7","5","2",NA,"1",NA,"3",NA
NA,"1","2","4","4","1","2","1",NA,"2","2"
"3","5",NA,"7","5","2",NA,"1","13","1","3"
"4","3",NA,"6","5","3","3","1","11",NA,NA
NA,"7","2","8","5","2",NA,"1",NA,"1","4"
"3","2","3","4","4","2","6","1","10",NA,NA
"2","3","1","3","5","1",NA,"1",NA,NA,"6"
NA,"6","2","6","5","2",NA,"1","9",NA,"4"
"3","5",NA,"11","5","2","6","1",NA,"3","6"
"4","4",NA,"7","5","4","3","1","10","1",NA
"3","4",NA,"6","5","3","6","1","13","3","11"
NA,"4",NA,"8","5","3",NA,"1","10",NA,NA
"3","5","2","5","5","2",NA,"1","6","3","6"
"4","5",NA,"13","5","3","5","1","10","2","4"
"4","6","3","6","5","2",NA,"1",NA,"3","7"
NA,"1",NA,"8","3","3","3","1","10","3",NA
NA,"5",NA,"8","5","3","4","1","6","3","5"
"2","1","1","4","5","2","3","1","5","3",NA
"1","4","1","3","5","2",NA,"1","16","1",NA
NA,"2","1","3","5","1",NA,"1","3",NA,NA
NA,"6",NA,"9","5","3",NA,"1","11","3","5"
"2","5",NA,"9","5","3","3","1",NA,NA,NA
"2","6",NA,"10","5","3","4","1","10","3","9"
NA,"1","4","3","4","2","3","1","3",NA,NA
NA,"1","2","4","5","2",NA,"1","3",NA,NA
"3","7","2","6","5","2",NA,"1",NA,"2","4"
"6","1","4","7","5","1","3","1",NA,"3",NA
NA,"3",NA,"5","5","3","2","1","14",NA,NA
NA,"7",NA,"7","5","2",NA,"1",NA,NA,"4"
NA,"4",NA,"10","4","2","7","1","8","3","13"
NA,"7","2","6","5","2",NA,"1",NA,NA,"4"
"4","7",NA,"7","5","4",NA,"1","14",NA,"4"
"3","1","2","6","5","1","6","1",NA,NA,NA
"1","5",NA,"3","5","4",NA,"1","12","3",NA
NA,"3",NA,"13","5","2","4","1",NA,"3",NA
"3","3",NA,"8","5","3","3","1",NA,NA,NA
NA,"2",NA,"8","5","4","4","2","7","3",NA
"5","2",NA,"8","5","3","3","1","8",NA,NA
"3","4",NA,"4","4","2","2","1","6","3","4"
"4","1",NA,"7","5","2","5","1","3","3",NA
"3","5",NA,"9","5","2","5","1",NA,"1","4"
"3","4",NA,"10","5","2",NA,"1","5","3","7"
"3","5","4","8","5","2","5","1",NA,"3","4"
NA,"5",NA,"8","4","3","6","1","6","3","3"
"2","3","2","3","5","1",NA,"1",NA,NA,NA
"3","7",NA,"12","5","2","5","1",NA,NA,"13"
"3","1","2","3","5","2",NA,"1","3","3",NA
NA,"5",NA,"10","3","2","3","1","10","3","3"
NA,"6",NA,"15","5","2","3","1",NA,NA,"3"
"1","3","1","3","5","1",NA,"1","8",NA,"3"
NA,"7",NA,"7","5","3",NA,"1","15","1","3"
"5","3",NA,"6","4","4","3","1","9","3",NA
"2","3",NA,"4","5","3",NA,"1","9","3",NA
"5","3","2","6","5","2","3","1","10","3","9"
NA,"1","2","4","5","1","5","1",NA,"3",NA
NA,"1","3","6","5","1","3","1","2","3",NA
"5","4","2","5","4","2","3","1","7",NA,NA
"2","1","1","5","5","1",NA,"1",NA,"3",NA
"2","5","1","4","4","1",NA,"1",NA,"3","11"
"2","3","1","3","5","1","5","1",NA,NA,NA
NA,"4",NA,"11","4","4","5","1","11","3","13"
NA,"6","2","7","4","2","6","2",NA,NA,"7"
"3","5",NA,"8","5","2","5","1","6",NA,"6"
"5","4",NA,"11","5","2","5","1",NA,"1",NA
"3","6","2","6","5","2",NA,"1",NA,NA,"5"
NA,"3",NA,"10","5","2","7","1","6",NA,NA
NA,"3","2","6","5","2","5","1","7",NA,NA
"3","1","2","4","5","2","3","1","3","3",NA
NA,"5",NA,"7","5","3","3","1","12","1","7"
"3","5",NA,"9","5","3","7","1","11","3","4"
"2","1","1","2","5","1",NA,"1","2",NA,NA
NA,"5",NA,"5","5","4",NA,"1","10",NA,NA
"2","6","3","6","5","1",NA,"1",NA,"1","4"
"3","5","3","8","5","2","3","1",NA,"3","3"
NA,"2","3","4","5","1","5","1",NA,NA,NA
NA,"2","2","4","5","1","3","1",NA,"1",NA
"2","4",NA,"6","5","3","5","1","14","1",NA
"2","1","1","3","5","1","4","2",NA,"3",NA
NA,"7",NA,"10","3","2","2","1","15","1","3"
NA,"5","4","7","5","2","3","1","9",NA,"5"
NA,"3","2","4","5","1",NA,"1","3","3",NA
"2","4",NA,"7","5","4","3","1","12",NA,NA
"2","2","2","3","5","1",NA,"1",NA,"3",NA
NA,"3",NA,"9","5","2","6","1",NA,NA,"6"
NA,"7","2","6","5","2","3","1",NA,NA,"5"
NA,"4","2","4","4","1","3","1",NA,NA,"3"
NA,"6",NA,"7","5","2",NA,"1",NA,NA,"11"
NA,"3","4","4","5","2","5","1","6",NA,NA
"3","7","2","8","5","2","3","1",NA,"3","8"
NA,"4",NA,"9","5","2","3","1","11","1","3"
NA,"3",NA,"6","5","2",NA,"1",NA,"1",NA
NA,"4","2","1","4","1",NA,"1","1","3","3"
NA,"3","2","2","3","2","4","1","8","3",NA
NA,"6",NA,"6","5","3",NA,"1",NA,NA,"3"
"4","3","3","9","5","2","3","1","6","3","13"
NA,"6",NA,"6","5","3","3","1","12",NA,"6"
NA,"7","2","5","5","2",NA,"1",NA,"3","5"
NA,"5","1","4","5","2",NA,"1",NA,NA,NA
"2","3","1","2","5","1",NA,"1","5","3",NA
"6","6",NA,"5","5","3",NA,"1","11",NA,"7"
"3","5",NA,"10","5","3","4","1","9","2","4"
NA,"7",NA,"9","5","2","6","1",NA,"1","4"
"2","4","1","3","5","2",NA,"1","15",NA,NA
NA,"6","3","5","5","2",NA,"1","8","3","3"
"1","4","1","4","3","1","3","1",NA,NA,"4"
"2","7",NA,"4","5","3",NA,"1","15","1","3"
"3","1","2","3","5","1","4","1",NA,NA,NA
"2","3",NA,"5","5","3",NA,"1","14","1",NA
NA,"1","1","4","5","1",NA,"1",NA,NA,NA
NA,"4",NA,"10","5","2","3","1",NA,NA,"8"
"3","4","4","5","5","3",NA,"1","8","3","4"
NA,"4",NA,"6","5","3","4","1","8",NA,NA
NA,"7","1","5","5","2",NA,"1",NA,"1","3"
"2","4",NA,"7","5","4",NA,"1","11",NA,"3"
"3","3",NA,"10","5","2","3","1","4",NA,NA
"3","7",NA,"10","5","3","3","1","14",NA,"5"
NA,"3","1","3","5","2","3","1","10","3",NA
"2","5","2","5","5","2",NA,"1","13",NA,"3"
NA,"3",NA,"8","5","2","6","1","5",NA,"13"
"4","3","4","7","5","2",NA,"1","6","3","5"
NA,"4","4","8","5","2","5","1",NA,NA,"8"
"3","6","2","8","5","2","6","1",NA,"3","8"
NA,"6",NA,"6","4","2",NA,"1",NA,NA,"5"
NA,"6","7","7","5","2",NA,"1",NA,NA,"5"
"2","7","2","5","5","2",NA,"1",NA,"1","4"
"2","3",NA,"6","5","2","5","1","11","1",NA
"3","6","3","5","5","2",NA,"1","8",NA,"4"
"4","3","2","6","5","2","3","1",NA,NA,NA
NA,"5",NA,"11","5","3","3","1","13","1","4"
"2","7","1","6","5","2",NA,"1",NA,"1","6"
NA,"1",NA,"15","5","2","3","1",NA,"3",NA
NA,"7","2","7","5","2",NA,"1",NA,"1","4"
"2","3","2","5","5","2","2","1","2",NA,NA
NA,"3","3","3","5","2",NA,"2","3","3",NA
"4","1",NA,"9","5","2","3","1","2","3",NA
NA,"7",NA,"9","5","4","3","1","9",NA,"4"
"4","4",NA,"5","5","4","3","1","8",NA,NA
"4","7",NA,"12","5","2","3","1",NA,"1","3"
"4","7","2","8","5","2","3","1",NA,NA,"5"
"5","3",NA,"9","5","4","4","1","7",NA,NA
NA,"5","2","1","3","2",NA,"1","13",NA,"3"
"2","5",NA,"6","2","2","2","1","8",NA,"5"
NA,"6","2","5","5","2",NA,"1",NA,NA,"3"
NA,"5","2","7","5","2","3","1",NA,NA,"4"
"3","1","2","4","5","2","6","1","4",NA,NA
NA,"3","2","7","5","1","3","2",NA,"3",NA
"2","3","1","3","5","2",NA,"1","11","3","3"
NA,"3",NA,"4","5","4",NA,"1","9","3",NA
"5","2","2","12","5","1","3","1",NA,"3",NA
NA,"1","1","3","5","1",NA,"1",NA,NA,NA
NA,"3",NA,"7","4","2","5","1","4","3","5"
"3","7",NA,"10","5","2","4","1",NA,NA,"2"
NA,"3",NA,"14","5","2","6","1",NA,"3","10"
NA,"5","3","7","5","2",NA,"1",NA,NA,"5"
"2","2","2","3","5","1",NA,"1","6",NA,NA
"2","3",NA,"3","5","4","2","1","12","2",NA
"4","4","2","6","5","2","5","1",NA,NA,"5"
NA,"7",NA,"4","5","3",NA,"1","11",NA,"5"
NA,"6",NA,"4","2","2","3","1",NA,"3","4"
"3","7",NA,"6","5","3",NA,"1","11","1","4"
"6","6","2","9","5","2","5","1",NA,NA,"7"
"3","4","3","7","5","2","5","1","7",NA,NA
"3","7","2","6","5","2",NA,"1",NA,"1","4"
NA,"3","5","4","5","2","1","1","7","3",NA
NA,"3","2","4","5","2",NA,"1","2",NA,NA
NA,"6",NA,"5","5","3",NA,"1","12","1","10"
NA,"5",NA,"6","5","3",NA,"1","15","1","4"
"3","5","4","6","5","2",NA,"1",NA,"3","5"
NA,"5","2","7","5","2","3","1",NA,"3","4"
"2","5","5","5","5","2",NA,"1",NA,"3","4"
"4","5","2","6","5","3",NA,"1","10",NA,"10"
"1","6",NA,"5","5","2",NA,"1","11",NA,"8"
NA,"3","2","5","4","1","5","1",NA,NA,"7"
"2","7","1","4","5","2",NA,"1",NA,"3","6"
"3","6","1","10","5","2","6","1",NA,"2","6"
"2","3","1","6","5","2",NA,"1",NA,NA,NA
"3","6","2","6","5","2",NA,"1",NA,NA,"9"
NA,"7",NA,"7","5","2","3","1",NA,NA,"4"
NA,"6",NA,"6","5","2",NA,"1",NA,"3","6"
"4","3","6","6","5","2","3","1",NA,"3",NA
NA,"3","1","4","5","2",NA,"1",NA,NA,NA
NA,"4","2","4","5","2",NA,"1","8",NA,NA
NA,"6","7","8","5","2",NA,"1",NA,NA,"6"
"3","4","5","7","5","2","4","1","5",NA,NA
"2","1","1","4","5","1","5","1",NA,NA,NA
NA,"3","2","4","5","1",NA,"1",NA,"3",NA
"7","5",NA,"8","4","2",NA,"1",NA,NA,"5"
"4","6",NA,"5","5","4","4","1","11","2","6"
"3","7",NA,"7","5","2","3","1",NA,"1",NA
"2","3",NA,"5","3","2","7","1",NA,NA,"1"
"3","7","2","5","5","2",NA,"1",NA,NA,"3"
NA,"4","1","3","5","1",NA,"1","4",NA,NA
"3","5",NA,"12","5","2","6","1",NA,"1","4"
NA,"5","1","3","5","1",NA,"1",NA,"3","5"
NA,"5",NA,"7","5","3",NA,"1",NA,NA,"7"
"4","4",NA,"5","1","3","5","1","8",NA,"4"
"3","5","2","4","5","2",NA,"1","13",NA,"5"
NA,"5","2","6","5","2","5","1",NA,NA,"7"
NA,"3","3","6","5","2","5","1","11","2",NA
"4","4","3","8","5","2","3","1",NA,NA,NA
NA,"7","7","8","5","2","3","1",NA,NA,"3"
NA,"5","2","4","5","2","3","1",NA,"1","3"
"5","6","3","7","5","2",NA,"1",NA,"1","6"
NA,"2","2","6","5","2",NA,"1","2",NA,NA
NA,"7",NA,"5","3","2","4","1",NA,NA,"6"
NA,"4","3","7","5","2","5","1",NA,"3","13"
NA,"3","2","8","5","2","5","1","13",NA,NA
NA,"6","2","1","4","2",NA,"1","12","3","5"
"3","4","3","4","5","2",NA,"1","5","3",NA
"2","5","1","6","5","2",NA,"1","14","1","4"
NA,"6",NA,"12","5","2","3","1",NA,NA,"8"
"2","7","3","4","5","2",NA,"1",NA,"3","5"
"1","1","1","4","5","2","3","1","5","1",NA
NA,"1","1","4","5","1","5","1","3","3",NA
"2","1","6","5","5","2",NA,"1","7","3",NA
"7","3",NA,"7","5","3","4","1","11",NA,NA
"2","5","1","3","5","2",NA,"1","14","1","4"
"2","5",NA,"1","5","4",NA,"1","13","1",NA
NA,"4","2","7","5","2","5","1","8",NA,NA
NA,"2","2","4","5","1",NA,"1",NA,NA,"6"
"3","6",NA,"5","4","2",NA,"1","5","3","5"
NA,"3","1","6","5","2","5","1","7",NA,NA
"4","3",NA,"8","5","4","3","1","7","3",NA
"3","1","4","6","5","2","4","1","10","2",NA
NA,"3","1","7","5","1",NA,"1",NA,NA,"4"
"3","2","1","6","4","1",NA,"1",NA,NA,"3"
NA,"4","2","2","5","2",NA,"1","6",NA,NA
"2","4","1","6","5","2","6","1",NA,NA,NA
"3","5","1","7","5","2","5","1","8",NA,NA
NA,"1",NA,"4","5","3","3","1","8",NA,NA
"2","6",NA,"8","5","2","5","1",NA,"2","5"
NA,"5",NA,"8","5","3","3","1",NA,NA,"4"
"2","5","1","4","5","1",NA,"1",NA,NA,"4"
"3","6","2","5","5","2",NA,"1",NA,"3","6"
"2","4",NA,"4","5","4","3","1","10","2","3"
NA,"3","3","6","5","1","3","1",NA,NA,"4"
"3","1",NA,"12","5","2","5","1","7","3",NA
"4","6","1","5","5","2","3","1","9",NA,"4"
"3","5",NA,"8","4","3",NA,"1","7","3",NA
NA,"1",NA,"8","5","4","2","1","7","3",NA
NA,"5",NA,"8","3","2","4","1",NA,"3","11"
NA,"3","2","6","5","1","3","1",NA,NA,"5"
"2","1",NA,"7","5","4","3","1","6","3",NA
"3","5","2","6","5","2","5","1",NA,NA,"5"
NA,"3",NA,"14","5","2","6","1",NA,"3",NA
NA,"3",NA,"5","5","4","3","1","11","2",NA
"3","5",NA,"11","5","2","6","1",NA,"1","4"
"2","5",NA,"7","5","3","1","1","15",NA,"6"
"2","3","1","4","5","1",NA,"1","10",NA,NA
"4","5",NA,"7","5","2",NA,"1",NA,"3","1"
"3","4","2","6","5","2",NA,"1",NA,"3",NA
NA,"7","2","8","5","2",NA,"1",NA,NA,"6"
"2","7","1","7","5","2","3","1",NA,NA,"3"
"3","4",NA,"7","5","3","6","1","7","3",NA
"2","6","1","7","5","2",NA,"1",NA,NA,"5"
NA,"4","2","6","5","1","5","1",NA,NA,NA
"3","7","2","8","5","2",NA,"1",NA,"2","5"
"2","7","1","6","5","2","3","1",NA,NA,"4"
NA,"5",NA,"13","5","2","5","1",NA,"3","11"
NA,"4","2","4","5","2",NA,"1","10",NA,"4"
"2","1","1","4","4","2","6","2","5","3",NA
NA,"7",NA,"12","4","2","5","1",NA,NA,"6"
"4","2",NA,"10","5","2","3","1",NA,NA,NA
"3","6",NA,"5","4","3",NA,"1","8","3","5"
NA,"2","2","4","5","1",NA,"1","3","3",NA
"1","4",NA,"3","5","3",NA,"1","9","1","3"
NA,"2","1","4","4","1","5","1",NA,"3",NA
"4","4",NA,"7","5","2","4","1","6","3","6"
NA,"1","3","5","4","2",NA,"1","3",NA,NA
"2","7","1","7","5","1","3","1",NA,"3","4"
"3","3",NA,"13","5","2","4","1",NA,"3",NA
NA,"3",NA,"5","5","3","6","1","4","3",NA
NA,"7","2","6","5","2","3","1",NA,"2","3"
NA,"3","2","7","5","2","3","1",NA,NA,NA
NA,"3","4","5","5","1",NA,"1",NA,NA,"4"
"2","1","1","6","5","1",NA,"1",NA,"3",NA
NA,"5",NA,"6","5","4",NA,"1","8","3",NA
"2","7","1","5","5","2",NA,"1","12",NA,"6"
NA,"3","2","3","4","1",NA,"1",NA,"3","3"
"4","6",NA,"8","5","2","3","1",NA,"2","4"
"2","5","1","5","5","2",NA,"1","9",NA,"4"
"3","4",NA,"6","4","3","5","1","9","3",NA
"6","7",NA,"5","5","3",NA,"1","10",NA,"4"
"2","5","1","3","5","1",NA,"1",NA,NA,NA
"4","1","2","7","5","2","5","1","5","3",NA
"4","3",NA,"12","5","4","6","1","11",NA,NA
"3","5","2","7","5","2",NA,"1",NA,"3","4"
"4","1","2","7","5","2","3","1",NA,NA,NA
NA,"7","3","6","5","2",NA,"1",NA,"1","3"
NA,"5","2","5","5","2",NA,"1","9",NA,"6"
NA,"4",NA,"9","5","2",NA,"1",NA,NA,"2"
NA,"3",NA,"9","5","2","5","1",NA,"3",NA
"3","5",NA,"10","5","3","4","1","9",NA,NA
NA,"7",NA,"7","5","3","4","1","14","1","4"
NA,"7",NA,"7","5","2",NA,"1",NA,NA,"5"
NA,"6","4","6","5","2",NA,"1",NA,"3","4"
NA,"4",NA,"8","5","2",NA,"1",NA,NA,"12"
"3","4","4","6","5","2","3","1","7",NA,NA
"3","3",NA,"3","5","3",NA,"1","13","2",NA
"4","1","3","5","5","1","3","1",NA,"1",NA
"2","3","2","5","5","2","3","1","6","3",NA
"4","5","4","6","5","2","4","1",NA,NA,"3"
NA,"7","2","6","5","2","3","1",NA,"3","5"
"2","7",NA,"7","5","2",NA,"1",NA,NA,"4"
"3","6","5","8","5","2",NA,"1",NA,NA,"8"
"1","5",NA,"8","5","2","2","1","13","1","3"
"2","3",NA,"2","5","3",NA,"1","15","1",NA
"3","2","2","6","5","1","5","1",NA,"3",NA
NA,"4","2","5","5","2",NA,"1","7","1",NA
"4","5",NA,"12","5","2","6","1",NA,"3","7"
"1","7","1","5","5","2",NA,"1",NA,"1","4"
"4","5","1","5","5","1","6","1",NA,"2","3"
"1","1","1","2","5","2","2","1","15",NA,NA
"2","6","1","7","5","2","4","1",NA,"3","7"
"2","6","1","4","5","2","5","1",NA,NA,"5"
"2","1","1","5","5","1",NA,"1",NA,"3",NA
NA,"6",NA,"14","5","2","4","1",NA,NA,"4"
"1","3","1","8","5","2","2","1","11","1",NA
"1","5","1","2","5","1",NA,"1","10",NA,"11"
NA,"5","2","6","5","2","5","1","12","3",NA
NA,"5",NA,"8","5","2","5","1",NA,NA,"7"
"2","6","3","8","5","1","4","1",NA,"3","5"
"3","6",NA,"7","5","1",NA,"1",NA,"3","7"
NA,"4",NA,"17","5","2","6","1",NA,NA,"9"
"3","3",NA,"6","4","2","3","1","6","3","6"
"4","4","2","5","5","2",NA,"1","8","3","6"
NA,"5",NA,"10","5","4","6","1","12","1",NA
"2","3",NA,"5","5","3","3","1","13","3",NA
"3","5",NA,"6","5","3",NA,"1","15",NA,"5"
NA,"5",NA,"8","5","3","6","1","14","1",NA
"3","1","2","6","5","1","5","1",NA,NA,NA
NA,"4","1","3","5","1",NA,"1","8",NA,"3"
NA,"3",NA,"7","4","2","3","1","6",NA,NA
"4","7","2","7","5","2",NA,"1",NA,NA,"6"
"3","3","5","7","5","2","3","1","4","3","4"
"4","2",NA,"11","5","2","4","1",NA,"1","3"
NA,"7",NA,"7","4","2","3","1",NA,NA,"3"
NA,"7","1","2","5","1",NA,"1",NA,"1","4"
"5","7","1","4","5","2",NA,"1",NA,NA,"8"
"3","6",NA,"8","5","4","2","1","9","1",NA
NA,"5","1","3","5","3",NA,"1","13",NA,"4"
"1","2","1","4","5","1","3","1",NA,NA,NA
NA,"4",NA,"15","5","2","6","1",NA,"3",NA
NA,"2",NA,"8","4","2",NA,"1","10",NA,"3"
NA,"5",NA,"5","5","3",NA,"1","12",NA,"3"
"2","1","5","5","5","1",NA,"1","10","2",NA
NA,"6","2","8","5","1",NA,"1",NA,NA,"7"
"4","2",NA,"10","5","4","3","1","3","2",NA
NA,"5",NA,"9","5","2","5","1",NA,"3","4"
"4","5",NA,"9","5","2","6","1",NA,NA,"9"
"1","6",NA,"6","5","2",NA,"1",NA,"3","9"
"2","5","1","6","5","1","3","1",NA,"3","8"
"4","7","2","6","5","2",NA,"1",NA,"3","5"
"4","1",NA,"10","5","3","6","1","9","3",NA
NA,"5","4","4","5","1",NA,"1",NA,"2","3"
"1","1",NA,"11","3","2","2","1",NA,NA,NA
"2","7","1","7","5","1",NA,"1",NA,"3","10"
NA,"7","1","3","5","2",NA,"1","12","3","4"
NA,"7","2","4","5","2",NA,"1",NA,"1","4"
NA,"5",NA,"13","5","2","3","1",NA,NA,NA
NA,"5","1","5","5","1","6","1",NA,"3","4"
"5","1",NA,"8","5","2","3","1",NA,"3",NA
"3","4",NA,"7","5","2",NA,"1",NA,NA,"6"
"2","3","1","4","5","2","3","1","16","1",NA
NA,"7",NA,"11","5","2",NA,"1",NA,NA,"4"
"3","7","1","8","5","2",NA,"1",NA,"1","3"
"3","7","2","9","5","2",NA,"1",NA,NA,"5"
"3","6","3","6","5","2",NA,"1","12","1","4"
"3","6","2","7","5","1",NA,"1",NA,NA,"4"
NA,"5","1","5","5","2",NA,"1","11","2","4"
"2","7",NA,"6","4","2",NA,"1",NA,NA,"4"
"3","1","2","5","5","1",NA,"1",NA,"3",NA
NA,"6",NA,"4","5","4",NA,"1","9","3","3"
"3","4","7","5","4","2","2","1",NA,"3","3"
"3","4",NA,"13","5","3","6","1",NA,"1",NA
NA,"3","3","3","5","2",NA,"1","4",NA,NA
"3","3","1","4","5","1",NA,"1",NA,"1","3"
"4","7","2","5","5","2",NA,"1","11",NA,"6"
NA,"6",NA,"8","5","4","3","1","15","1",NA
"3","3","2","7","4","2","7","1","10","3",NA
"2","5","1","4","5","1","4","1",NA,"3","3"
"3","1",NA,"6","5","3",NA,"1","10",NA,NA
NA,"1","2","5","5","2","3","1","11","1",NA
"3","6",NA,"12","5","2","4","1",NA,"3",NA
NA,"1","2","4","5","2",NA,"1","6","3",NA
"4","7",NA,"10","5","3","4","2",NA,"1","5"
NA,"6","1","5","5","2",NA,"1",NA,"1","3"
NA,"5",NA,"11","5","3","5","1","9",NA,"12"
"2","4","1","3","5","1",NA,"1",NA,NA,"5"
"3","3","3","7","5","1","2","1",NA,"3",NA
"2","3","2","3","3","2",NA,"1",NA,"3","4"
"4","3",NA,"10","3","3","3","1","7","3","4"
"2","4","1","4","5","2",NA,"1",NA,"3",NA
"3","5",NA,"4","3","4","3","1","10",NA,"7"
NA,"5",NA,"7","5","4","2","1","8",NA,NA
"3","5",NA,"6","5","3",NA,"1","12",NA,NA
NA,"6","2","7","5","1","3","1",NA,NA,"8"
NA,"5","2","5","4","2","6","1",NA,"3","6"
"3","7","2","5","5","2","3","1",NA,"1","3"
NA,"4",NA,"4","1","2",NA,"1","4","3","3"
"4","4","2","5","5","2","3","1",NA,NA,NA
NA,"7","1","5","5","2",NA,"1",NA,"1","4"
NA,"1","2","3","5","1",NA,"1","2",NA,NA
"3","2",NA,"6","5","3",NA,"1","3","1",NA
"3","2","6","6","5","2","3","1","4","3",NA
"2","4","4","5","5","1",NA,"1",NA,NA,NA
NA,"4","1","6","5","1",NA,"1",NA,NA,"4"
"2","5","1","6","5","2",NA,"1","8","3",NA
"5","5","3","6","5","2",NA,"1","8",NA,"8"
"2","7",NA,"7","4","3","6","1",NA,NA,"5"
NA,"7","2","7","5","2","6","1",NA,"2","6"
NA,"5",NA,"6","5","3","3","1","9",NA,NA
NA,"3","3","5","5","2",NA,"1","5","3",NA
"4","2",NA,"10","5","2","6","1","9",NA,NA
"3","3",NA,"8","5","2",NA,"1","4","3",NA
"1","5","1","3","5","1",NA,"1",NA,"1","3"
NA,"5","1","2","5","1",NA,"1",NA,"3","6"
"3","3",NA,"7","2","2","1","1",NA,"3","4"
NA,"3",NA,"10","4","2","6","1","4","3",NA
NA,"3","2","5","5","2",NA,"1","3","3",NA
NA,"2",NA,"10","5","3","4","1","10","1",NA
NA,"2","3","6","5","3","3","1","7","3",NA
NA,"5",NA,"4","3","2",NA,"1",NA,"3","5"
NA,"7","1","5","5","2",NA,"1",NA,"1","3"
"4","6","6","9","5","1","4","1",NA,"3","4"
NA,"3","1","1","4","2",NA,"1","10","1","3"
"3","3","2","4","5","2","3","1",NA,NA,NA
"1","2","1","4","5","1",NA,"1",NA,"3",NA
"7","6",NA,"17","5","2","3","1",NA,"1","2"
NA,"6",NA,"8","5","2","3","1",NA,NA,"3"
"3","6",NA,"5","5","3","3","1","9",NA,NA
"3","2","2","2","2","1","3","2","3",NA,"3"
"3","6",NA,"5","5","3",NA,"1","10",NA,NA
"2","3","3","5","5","2","4","1","6",NA,NA
NA,"2","2","4","5","3","3","1","13","3",NA
"4","5",NA,"12","5","2","5","1",NA,"3","6"
NA,"5","1","3","4","1",NA,"1",NA,"3","3"
NA,"2","2","3","5","1",NA,"1",NA,"3",NA
"1","5","2","5","5","1","3","1",NA,"3","4"
"2","6",NA,"8","4","2","6","1",NA,"3","6"
"1","5","1","3","5","1",NA,"1",NA,"3","4"
NA,"5",NA,"16","5","2","3","1",NA,NA,"5"
"2","5","1","6","5","1",NA,"1",NA,"3","6"
"4","5","3","4","5","2","3","1","5",NA,"8"
"2","3",NA,"4","5","3",NA,"1","8",NA,NA
"1","4","3","5","5","2","3","1","10",NA,NA
NA,"5","4","5","5","2",NA,"1",NA,NA,"5"
NA,"3","1","3","5","1",NA,"1",NA,NA,"3"
NA,"2","1","3","5","3","6","1","8",NA,NA
"5","7","2","6","5","2",NA,"1","11","3","7"
"2","4","5","7","5","1","4","1",NA,NA,"3"
"3","7",NA,"6","5","3","3","1","11","3","3"
NA,"5",NA,"8","5","3","3","1","12",NA,NA
"2","7","1","7","5","2",NA,"1",NA,NA,"4"
NA,"7","2","6","5","1",NA,"1",NA,"3","12"
"3","5","2","8","5","2","6","1",NA,"3","8"
"3","2","3","4","4","2",NA,"1","5",NA,NA
"3","7","2","6","5","2","3","1",NA,"1","4"
NA,"1","1","4","5","2","4","1","11",NA,NA
NA,"5",NA,"4","5","4",NA,"1","10","3","4"
"3","4",NA,"6","5","3",NA,"1","10","2",NA
"4","6","3","6","5","2",NA,"1",NA,"3","5"
NA,"5",NA,"5","4","2",NA,"1",NA,"3","13"
NA,"2",NA,"3","5","3","3","1","8","3",NA
"2","6","4","6","5","2",NA,"1",NA,"3","4"
NA,"3","2","4","5","2","3","1","12","2",NA
NA,"6","2","7","5","2","3","1",NA,NA,"13"
NA,"6","2","5","5","1",NA,"1",NA,NA,"4"
"5","4",NA,"13","5","2","5","1",NA,"3","4"
NA,"2","5","8","5","2",NA,"1",NA,NA,NA
NA,"5",NA,"7","5","3","3","1","9","3",NA
NA,"4","1","4","5","1",NA,"1",NA,"3","4"
NA,"7",NA,"6","5","2","3","1",NA,NA,"4"
NA,"5",NA,"10","5","4","4","1","9",NA,NA
"4","3","4","5","5","2","5","1","9","1","3"
"3","5",NA,"3","5","3",NA,"1","10","3",NA
"2","1","5","4","5","2","3","1","4",NA,NA
"3","3","3","8","5","2","6","1","5",NA,NA
"3","4","2","5","5","2",NA,"1","10",NA,"4"
"3","3",NA,"12","5","2","4","1",NA,"2","2"
"3","1","1","7","5","1","3","1","8","3",NA
NA,"5","2","2","5","3",NA,"1",NA,NA,"4"
"3","2",NA,"8","5","3","6","1","9","3",NA
NA,"5",NA,"7","4","3","5","1","8",NA,NA
NA,"1",NA,"7","5","3","5","1","9","1",NA
"2","4","2","4","5","2","2","1","9","3",NA
"3","3",NA,"6","5","4","4","1","11","3",NA
"4","5","2","6","5","2",NA,"1",NA,"1","4"
NA,"3","1","4","4","1",NA,"1",NA,NA,"4"
"3","4","4","4","4","2",NA,"1","8",NA,NA
NA,"4",NA,"9","5","2","3","1","6",NA,"6"
NA,"3",NA,"7","5","4","3","1","12","2",NA
"6","7",NA,"10","5","2","3","1",NA,"3","7"
NA,"1",NA,"8","5","3","3","1","11",NA,NA
NA,"5","1","6","5","2","3","1",NA,"1","4"
"3","5",NA,"9","5","3",NA,"1",NA,NA,"4"
NA,"7","2","8","5","2",NA,"1","11","2","3"
"3","7","1","6","5","2",NA,"1",NA,NA,"5"
NA,"3","2","4","5","1",NA,"1",NA,"3","4"
"1","7","1","6","4","1","4","1",NA,NA,"3"
NA,"1",NA,"7","5","3","5","1","9",NA,NA
"6","7",NA,"5","5","3",NA,"1","12",NA,"5"
NA,"3",NA,"6","5","4","4","1",NA,NA,NA
NA,"7","2","6","5","2",NA,"1",NA,NA,"5"
NA,"6","2","7","5","2","5","1",NA,"2","6"
NA,"3","2","4","5","2",NA,"1",NA,"3",NA
NA,"4",NA,"5","5","2",NA,"1","5",NA,NA
NA,"5","2","9","5","2","5","1",NA,NA,NA
"2","4","1","6","5","2","5","1",NA,NA,NA
"2","3","1","3","5","2",NA,"1","7",NA,NA
NA,"4",NA,"7","5","3","3","1","9",NA,NA
"2","6","2","6","5","2",NA,"1",NA,NA,"3"
"2","6","2","6","5","2",NA,"1",NA,"1","3"
"3","7",NA,"5","5","3",NA,"1","15","1","7"
NA,"4","2","4","5","1","3","2",NA,NA,"4"
"2","3","1","4","5","1","3","1",NA,NA,NA
NA,"5","2","4","5","2","3","1",NA,"2","2"
NA,"4","4","7","5","2","6","1",NA,NA,NA
"2","5","2","6","5","2",NA,"1","12","1",NA
"2","5","1","4","5","1",NA,"1",NA,"3","13"
"4","6",NA,"11","5","2","5","1",NA,"2","13"
NA,"4",NA,"8","5","2","6","1","12",NA,"13"
NA,"1","2","3","5","2",NA,"1","3","3",NA
NA,"3",NA,"5","4","4",NA,"1","4",NA,NA
NA,"1",NA,"8","4","4","6","1","6","3",NA
NA,"7",NA,"9","4","2","6","1",NA,"3","8"
"1","5","1","5","5","1","5","1",NA,"1","3"
NA,"1",NA,"5","5","3","5","1","13","1",NA
"5","7","4","4","5","2",NA,"1",NA,"3","5"
NA,"4","2","6","5","2",NA,"1",NA,NA,"3"
NA,"6","2","5","5","2",NA,"1","7","3","6"
"2","5","1","4","5","2",NA,"1",NA,NA,"4"
NA,"6",NA,"11","5","3","5","1",NA,"2","7"
"4","6",NA,"11","5","2","4","1",NA,NA,"4"
"3","3",NA,"7","5","3","4","1","9","3",NA
"2","3",NA,"3","3","4",NA,"1","9","3",NA
"3","3","2","7","5","2","5","1","14","2",NA
"3","5",NA,"8","5","3","3","1","13","1",NA
"2","3","1","6","5","1",NA,"1","5","3",NA
NA,"4",NA,"12","5","2","4","1","8","1",NA
"3","5",NA,"11","5","2","5","1",NA,"3","11"
"3","4",NA,"4","3","2",NA,"1","7","3","5"
"4","5",NA,"6","5","3",NA,"1","6",NA,NA
"3","7","2","7","5","2","3","1",NA,NA,"3"
"3","4","2","5","5","2","3","1","5",NA,NA
"3","5",NA,"5","5","3","5","1","5","3",NA
"5","6",NA,"13","5","3","3","1",NA,NA,"9"
NA,"3","2","3","5","2",NA,"1","7",NA,NA
NA,"5",NA,"9","5","2","4","1",NA,NA,"10"
"3","6","1","4","3","2","3","1","11",NA,"3"
"3","7",NA,"7","5","2","3","1",NA,NA,"3"
NA,"5",NA,"9","4","2","2","1",NA,NA,"5"
"1","7","1","4","5","2",NA,"1","17",NA,"4"
"3","4",NA,"4","4","3","3","1","10","1",NA
NA,"5",NA,"10","5","2","3","1",NA,"1","6"
"1","6",NA,"4","2","2","3","1","11","1","3"
NA,"5",NA,"14","5","2","6","1",NA,"3","5"
NA,"1","3","6","5","1","3","1","10","3",NA
"3","4",NA,"9","5","3","5","1","6","3",NA
"5","5",NA,"7","1","2","3","1","7",NA,"4"
"4","7","2","6","5","2","4","1",NA,"3","3"
NA,"4","1","8","5","1","5","1",NA,"3",NA
NA,"3","2","6","5","2",NA,"1",NA,"1",NA
"3","7",NA,"10","5","3","7","1",NA,NA,"9"
NA,"2",NA,"9","5","4",NA,"1","9",NA,NA
"3","3",NA,"4","4","2","3","1","5","2",NA
NA,"7","1","6","5","1",NA,"1",NA,"3","6"
"3","5",NA,"4","2","3","2","1","11",NA,"3"
"3","3",NA,"4","5","4","4","1","7","3",NA
NA,"6","4","7","5","2",NA,"1",NA,"3","5"
NA,"3","1","4","5","1",NA,"1",NA,"1","3"
NA,"7","2","7","5","2",NA,"1",NA,NA,"6"
NA,"6",NA,"9","5","2","3","1",NA,NA,"2"
NA,"5",NA,"8","5","2",NA,"2",NA,NA,"3"
NA,"3","1","6","5","2","3","1","13","1",NA
NA,"6","3","4","5","2",NA,"1",NA,"3","5"
"3","4",NA,"14","5","2","5","1",NA,"3",NA
"5","4","4","7","4","2","2","1","8",NA,"10"
NA,"5",NA,"7","5","4",NA,"1","13","1",NA
"2","6",NA,"4","5","4",NA,"1","12","1","3"
"2","5",NA,"3","4","2",NA,"1",NA,NA,"10"
"3","7",NA,"9","5","2","5","1",NA,NA,"9"
"4","5","2","7","5","2","5","1",NA,NA,"6"
NA,"3","3","6","5","2","3","1","10","1",NA
NA,"4","1","3","5","1",NA,"2",NA,"1","3"
"2","6","1","3","5","2",NA,"1",NA,NA,"4"
"3","4","3","5","5","1",NA,"1",NA,"3","3"
"3","3","4","3","3","2","3","1","6","3",NA
"2","4",NA,"7","5","4","3","1","7","3",NA
"2","7","2","5","5","2",NA,"1",NA,NA,"3"
"1","2","1","5","5","2","3","1","14",NA,NA
NA,"4","4","5","5","2",NA,"1","5",NA,"6"
"3","1","3","3","4","2",NA,"1","5",NA,NA
"2","5",NA,"7","5","3","3","1",NA,"1",NA
NA,"5",NA,"3","2","1",NA,"1",NA,"3","4"
NA,"1","2","4","4","1","6","1","3","3",NA
"3","6",NA,"7","5","2","5","1",NA,"2","5"
"2","6","2","5","5","2","5","1",NA,"2","3"
"2","4","1","2","5","1",NA,"1",NA,NA,NA
NA,"5","1","3","5","1","4","1",NA,"3","5"
NA,"2","3","6","5","2","3","1","9","3",NA
"2","3","3","1","5","2",NA,"1","6","1",NA
NA,"4",NA,"9","5","3","3","1","11",NA,NA
"3","1",NA,"7","5","4",NA,"1","9",NA,NA
"3","1",NA,"8","5","2",NA,"1","9",NA,NA
NA,"1",NA,"4","5","3","5","1","8","3",NA
"2","3",NA,"4","2","2","2","1",NA,"3","6"
NA,"4",NA,"4","5","4",NA,"1","7",NA,NA
NA,"5","2","5","5","2",NA,"1","11","3","4"
NA,"3",NA,"5","5","3",NA,"1","8","3",NA
"3","5",NA,"4","5","3",NA,"1","7","2",NA
"3","3","3","6","5","2","5","1",NA,NA,NA
"2","5","1","5","5","1",NA,"1",NA,"3","5"
NA,"6","1","6","5","2","5","1",NA,"1","5"
NA,"1","2","4","4","1","5","1",NA,"3",NA
NA,"3",NA,"1","5","3",NA,"1","14",NA,NA
"3","4","2","4","5","1",NA,"1",NA,"3","5"
NA,"1",NA,"7","5","4","5","1","6",NA,NA
"4","5",NA,"7","5","3","5","2","7","3",NA
NA,"3","2","7","5","2","5","1",NA,"2","4"
"2","6",NA,"5","4","3",NA,"1","13",NA,"3"
NA,"1",NA,"7","5","4","5","1","12",NA,NA
NA,"6","2","8","5","2",NA,"1",NA,"3","13"
NA,"3","5","6","4","2","3","1",NA,NA,NA
NA,"4","1","4","5","1",NA,"1",NA,NA,NA
"4","7","4","4","4","2",NA,"1",NA,NA,"3"
"3","4","4","5","5","2",NA,"1","5",NA,NA
"3","2","2","5","5","3",NA,"1","7","3",NA
NA,"7","2","7","5","2",NA,"1",NA,NA,"5"
NA,"2",NA,"4","1","2","2","1","5","3","4"
"2","5","1","3","5","2",NA,"1","8","3",NA
NA,"5",NA,"7","5","4","3","1","9",NA,NA
"1","4",NA,"4","2","2","2","1","4",NA,"3"
NA,"3",NA,"9","5","4","3","1","5","3",NA
"5","5","3","8","5","2","3","1",NA,NA,NA
NA,"3","4","4","3","2",NA,"1","11","1","5"
NA,"1","2","5","5","2",NA,"1","7",NA,NA
NA,"4","2","6","5","2","4","1","7","3","5"
"2","5",NA,"4","5","3","6","1","13","3","13"
"4","4",NA,"8","5","2","3","1","3","3","3"
"2","4","1","5","5","2","2","1","13",NA,NA
NA,"1","2","8","5","2","6","1",NA,"1",NA
"3","3","2","7","5","2","4","1","6",NA,NA
NA,"5",NA,"3","5","4",NA,"1","13","1",NA
"3","5","2","4","5","3",NA,"1","12","1","3"
NA,"1",NA,"7","4","2","3","1","9","3",NA
NA,"1",NA,"5","4","3","3","1","8","3",NA
NA,"6","2","4","5","2",NA,"1",NA,NA,"3"
"2","5",NA,"5","5","3","3","1","17",NA,"6"
"1","7","1","6","5","2",NA,"1",NA,"1","4"
NA,"3","3","5","5","2","3","1","6",NA,NA
"1","7",NA,"7","5","2","1","1","15",NA,"3"
"3","7",NA,"8","5","4",NA,"1","11",NA,"3"
"3","3",NA,"4","2","2","5","2","3","3",NA
NA,"5",NA,"5","5","3",NA,"1","11","3",NA
"3","3",NA,"3","5","4",NA,"1","11",NA,NA
NA,"7",NA,"11","4","2","6","1",NA,"1","4"
NA,"5","1","9","5","1","5","1",NA,"3","6"
NA,"3","1","3","5","2",NA,"1","5",NA,NA
NA,"2","3","5","5","2","3","1","4","3",NA
"2","4","1","5","5","2",NA,"1",NA,NA,NA
"3","5",NA,"7","5","2","3","1",NA,"1","3"
NA,"6","2","6","5","2","3","1",NA,"3","4"
"3","1","7","9","5","2","3","1","4",NA,NA
"2","1","2","3","5","1","3","1","2",NA,NA
NA,"2","1","3","5","1",NA,"1","7","1",NA
"2","5","1","9","5","1","5","1",NA,"3","5"
NA,"5",NA,"11","5","2","5","1",NA,"1","5"
NA,"3","3","4","4","1","3","1",NA,"3",NA
"5","4",NA,"12","5","2","6","1",NA,"3",NA
"1","4","2","7","5","2","5","1",NA,NA,NA
NA,"7","2","4","5","2",NA,"1",NA,NA,"4"
NA,"4","2","6","5","2",NA,"1","4",NA,NA
"4","6",NA,"7","5","2","4","1","8",NA,"8"
NA,"6",NA,"6","5","3",NA,"1","9","3","4"
"3","5","2","6","5","2",NA,"1",NA,"1","7"
NA,"1",NA,"7","5","3","4","1","12",NA,NA
"4","7","2","6","5","2","4","1",NA,NA,"6"
NA,"7",NA,"7","4","2",NA,"1",NA,NA,"4"
NA,"5",NA,"5","5","3","4","1","10",NA,"5"
"3","1",NA,"6","2","2","5","1","4","3",NA
"2","1","1","3","5","1",NA,"1","4",NA,NA
NA,"7",NA,"4","5","3",NA,"1","13",NA,"3"
"3","1","2","5","5","1",NA,"1",NA,"3",NA
"4","5",NA,"7","5","2","6","1","6",NA,"7"
"2","2","1","2","5","1",NA,"1",NA,NA,"4"
NA,"1",NA,"9","5","3","6","1","5","3",NA
NA,"1","4","7","5","2","3","1",NA,NA,NA
NA,"1","2","4","5","2",NA,"1","3",NA,NA
NA,"3",NA,"3","1","2","2","1",NA,NA,"4"
"4","4",NA,"8","5","2","4","1",NA,"1",NA
"4","5","3","5","5","2",NA,"1",NA,"3",NA
NA,"4","2","6","5","2","7","1",NA,"1","7"
NA,"1","4","7","4","1","4","1",NA,NA,NA
"7","5",NA,"9","5","2","4","1",NA,NA,NA
"2","5","1","5","5","2","3","1","14",NA,"2"
"3","7",NA,"9","5","1",NA,"1",NA,"3","7"
"2","5",NA,"9","5","2","5","1",NA,"3",NA
"2","4","1","5","4","1",NA,"1",NA,"2","3"
"2","7",NA,"7","5","3","5","1","12",NA,"11"
NA,"4",NA,"8","5","3","6","1",NA,"3","7"
"2","3","1","3","5","1",NA,"1",NA,NA,NA
"3","5",NA,"7","5","3","6","1","9","3","9"
"2","3",NA,"7","5","2","5","1",NA,NA,NA
NA,"1","1","7","5","1","3","1",NA,NA,NA
NA,"5","4","6","5","2",NA,"1","6",NA,NA
NA,"5",NA,"9","4","2","3","1",NA,"3","7"
NA,"7",NA,"4","3","2",NA,"2",NA,NA,"4"
NA,"3",NA,"11","5","2","6","1",NA,NA,NA
NA,"3",NA,"6","4","3","5","1","8",NA,"3"
"4","4","4","6","5","2","3","1",NA,"3","5"
NA,"1","1","3","4","1",NA,"1","8",NA,NA
NA,"5",NA,"8","5","4","3","1","8","3",NA
"1","4","1","3","5","1",NA,"1",NA,NA,"3"
"3","5","5","4","4","2",NA,"1","5","3","4"
NA,"2",NA,"4","5","3",NA,"1","13",NA,NA
NA,"1","3","6","5","2","5","1","10",NA,NA
"4","4",NA,"4","3","2","3","1",NA,NA,"3"
"4","6","3","10","5","2","3","1",NA,"3","4"
"4","4","3","4","5","1","3","1",NA,NA,"8"
"5","5","3","8","5","2","3","1",NA,NA,"5"
"1","6","2","2","5","2",NA,"1","9",NA,"3"
"2","6","1","5","5","2","4","1",NA,"3","3"
"3","7","2","5","4","2",NA,"1",NA,NA,"3"
"2","1","4","4","5","2","2","1","3",NA,NA
NA,"3",NA,"4","5","4",NA,"1","11","2",NA
NA,"5",NA,"6","5","3",NA,"1","10","2","3"
"3","6","2","7","5","2","3","1",NA,NA,"3"
"3","3",NA,"8","5","3",NA,"1","7","3",NA
"2","4","1","6","5","2","3","1",NA,"1","3"
NA,"3",NA,"7","5","3","3","1",NA,NA,NA
NA,"4",NA,"14","5","2","1","1",NA,NA,NA
"4","7",NA,"7","5","3","3","1","11",NA,"6"
NA,"6","1","4","5","2",NA,"1",NA,NA,"3"
NA,"4",NA,"11","5","2","3","1",NA,"3","13"
"2","4",NA,"5","5","2","6","1","7","3",NA
NA,"3","1","6","5","2","6","1","6",NA,NA
NA,"1","4","8","5","1","4","1",NA,"3",NA
"4","5","4","5","4","2",NA,"1",NA,NA,"4"
NA,"7","1","8","5","2",NA,"1","11","1","3"
NA,"6",NA,"9","5","2",NA,"1",NA,NA,"4"
NA,"1","3","5","5","2","4","1","2","3",NA
NA,"4","1","3","5","1",NA,"1",NA,"3","4"
"4","5","5","5","5","2","3","1","8","3","4"
"5","5",NA,"16","5","2","3","1",NA,NA,"8"
"2","1","1","4","5","1","5","1","3",NA,NA
"3","7",NA,"10","5","2","5","1",NA,"2","4"
NA,"1",NA,"4","4","2","4","1","7",NA,NA
"1","4","1","2","5","2",NA,"1","14","1",NA
"5","7","2","5","5","2",NA,"1",NA,"2","3"
NA,"5","3","6","5","2",NA,"1","7",NA,"7"
NA,"1","2","7","5","2",NA,"1","11","1",NA
"2","2","1","10","5","1","6","1",NA,"3",NA
"3","2","3","4","5","2","5","1","3","3",NA
"4","5","7","7","5","2","3","1",NA,NA,"4"
NA,"5",NA,"6","5","3",NA,"1","10","3",NA
NA,"3","5","7","5","2",NA,"1",NA,"3",NA
"4","4","3","7","5","2",NA,"1","3","3",NA
NA,"2","2","4","5","1","3","1","4",NA,NA
"4","4","3","5","5","2","4","1",NA,"2","3"
"3","4","1","4","5","3",NA,"1","8","3",NA
"7","5",NA,"8","3","2","2","1",NA,"3","4"
"4","4",NA,"5","4","2",NA,"1","5","3","3"
NA,"6","4","7","5","2","5","1",NA,"1","6"
NA,"7","1","5","5","2",NA,"1","14","1","3"
NA,"7",NA,"5","5","3",NA,"1","12","1","4"
NA,"7",NA,"9","5","3","4","1","9","3","4"
"1","2","1","1","5","1",NA,"1","6",NA,NA
"5","5",NA,"13","5","2","3","1",NA,"3","13"
"3","5",NA,"7","5","4",NA,"1","12",NA,"4"
"3","5",NA,"8","5","2","5","1","5","3","4"
NA,"5",NA,"10","5","3","5","1","9","3",NA
"3","2","2","3","5","1",NA,"1","2",NA,NA
"3","6","2","9","5","2","6","1",NA,NA,"6"
"4","1",NA,"9","5","4","4","1","8",NA,NA
NA,"5",NA,"14","5","3","3","1",NA,"3","6"
NA,"3","1","5","5","2",NA,"1","12","3",NA
NA,"2","1","3","5","1",NA,"1","5",NA,NA
"3","6",NA,"6","5","4","5","1","10","1",NA
"4","2",NA,"7","5","3","3","1","8","3",NA
NA,"5","6","5","5","2","3","1",NA,NA,"5"
"2","2",NA,"2","2","2","5","1","10",NA,"4"
"2","7",NA,"5","5","3","4","1","11",NA,"4"
"2","1",NA,"2","5","4",NA,"1","9",NA,NA
NA,"5",NA,"3","5","3",NA,"1","11","1",NA
"2","5","1","4","5","2",NA,"1","7","3","6"
"2","3","1","8","5","2","3","1","9",NA,NA
"3","7",NA,"7","5","2",NA,"1",NA,"1","3"
"2","1","4","4","4","2","2","1","9",NA,NA
"3","5","2","5","5","2",NA,"1",NA,NA,"7"
"3","3","3","5","5","2",NA,"1","4","3","5"
"3","1",NA,"7","5","2","3","1","4",NA,NA
NA,"5",NA,"5","5","4",NA,"1","11","3",NA
"7","6",NA,"9","5","2","5","1",NA,"3","3"
"4","3","2","1","5","3",NA,"1","8",NA,NA
NA,"5","1","3","5","2",NA,"1","10","1","3"
"3","1",NA,"7","5","3","5","1","10","3",NA
"3","7",NA,"10","5","2","6","1",NA,"3","8"
"5","6","3","5","5","2","5","1",NA,NA,"8"
NA,"2","6","6","5","2","5","1",NA,"3",NA
NA,"7",NA,"7","5","2","5","1",NA,"3","5"
NA,"1","1","10","5","1","5","1",NA,"3","4"
NA,"5","3","6","5","2",NA,"1",NA,"3","7"
"2","7",NA,"7","5","2","3","1",NA,"3","6"
"2","6","1","5","5","2","3","1",NA,"2","3"
"2","6","1","4","5","2","3","1","15",NA,"4"
NA,"2","2","10","5","2","5","1","4","3",NA
"5","5",NA,"14","5","2","3","1",NA,"3","5"
"3","4","2","7","5","2","5","1",NA,NA,NA
NA,"5",NA,"6","4","3",NA,"1","7",NA,"4"
"3","1","2","6","5","3",NA,"1","9","3",NA
"3","4","3","6","5","1",NA,"1",NA,NA,"3"
NA,"5","3","6","5","1",NA,"1",NA,"3","4"
"7","5",NA,"6","5","3","3","1","15","1",NA
NA,"3","2","7","5","1",NA,"1",NA,"3","4"
"2","7",NA,"9","5","2","3","1",NA,NA,"4"
NA,"6","2","5","5","2","6","1",NA,NA,"5"
"2","5",NA,"9","5","2","4","1",NA,NA,"5"
"3","1","6","7","5","2","5","1","4",NA,NA
"5","7","2","6","5","1",NA,"1",NA,NA,"4"
"2","1","1","4","5","2","3","1","12",NA,NA
NA,"7","1","6","5","2",NA,"1",NA,NA,"11"
"4","2","4","5","5","2","3","1","5","3",NA
NA,"3",NA,"8","5","2","5","1",NA,"3",NA
NA,"3",NA,"6","2","2","5","2","7","3","3"
"1","2","1","3","5","2",NA,"1","9","2",NA
NA,"6",NA,"6","5","4",NA,"1",NA,"3",NA
NA,"3","3","5","5","2",NA,"1","6","3",NA
NA,"5",NA,"8","5","3","3","1",NA,NA,NA
"4","7","2","6","5","2",NA,"1",NA,"3","8"
"3","7",NA,"12","5","2","5","1",NA,NA,"5"
NA,"5",NA,"14","5","2","5","1",NA,"3",NA
"2","2","1","6","4","1","6","1",NA,"3",NA
"3","4","2","7","5","2","5","1",NA,"1","5"
"6","5",NA,"7","5","2","3","1",NA,"1",NA
NA,"1","2","6","5","2","6","1","10","1",NA
"2","4","2","5","5","1",NA,"1",NA,"3","4"
NA,"2",NA,"10","5","3","3","1","12",NA,NA
"4","5",NA,"9","5","2","3","1","10","3","5"
NA,"6",NA,"4","5","3",NA,"1","14",NA,"3"
"3","4","1","4","5","1",NA,"1",NA,"3","5"
NA,"5","1","5","3","1","5","1",NA,"1","4"
NA,"5",NA,"8","5","2",NA,"1",NA,"2",NA
"4","7",NA,"5","5","3",NA,"1",NA,"1","5"
NA,"3",NA,"14","5","2","5","1","4",NA,NA
"2","2","2","5","5","1","5","1",NA,NA,NA
NA,"5",NA,"10","5","2","4","1",NA,NA,"7"
"3","7",NA,"9","5","4",NA,"1","9","3","5"
"2","4","1","6","5","1","5","1",NA,"3","6"
NA,"3","2","4","5","2","6","1","11","2",NA
"3","7","2","5","5","2",NA,"1",NA,"1","4"
NA,"6",NA,"11","5","3","3","1","8","3","3"
"5","3",NA,"12","5","2","4","1","8","1",NA
NA,"1","1","5","4","2","3","1","9",NA,NA
NA,"6","1","6","5","2",NA,"1","15",NA,"3"
NA,"1","2","5","5","2","5","1","11","3",NA
NA,"4",NA,"5","1","2",NA,"1","8",NA,"4"
NA,"7",NA,"7","3","2","2","1",NA,"1","3"
NA,"1","1","1","5","1",NA,"1","2","3",NA
NA,"4","3","7","5","1","4","1",NA,NA,"4"
NA,"6","1","4","5","2",NA,"1",NA,NA,"4"
NA,"5","3","10","5","2","5","1",NA,NA,NA
NA,"7",NA,"4","5","3",NA,"1","16",NA,"7"
"2","5","1","6","5","2","3","1","8","3","5"
"2","1","1","3","5","1","3","1","2","3",NA
"2","2","2","6","5","2",NA,"1","15","3",NA
NA,"5","4","5","4","1",NA,"1",NA,NA,"3"
"1","3","1","2","5","2",NA,"2","12",NA,NA
"3","5",NA,"6","5","3","3","1",NA,NA,"4"
"2","5",NA,"8","5","3","6","1","11",NA,NA
NA,"7","1","5","5","2",NA,"1","14","1","4"
NA,"1",NA,"5","3","2","2","1","8","3",NA
NA,"6",NA,"9","5","3","3","1",NA,"1","4"
"4","5","5","4","4","2","4","1","7","3","12"
NA,"4","5","8","5","2",NA,"1","8","3","9"
NA,"1",NA,"6","5","3","3","1","8",NA,NA
"2","4",NA,"4","5","3",NA,"1",NA,NA,NA
"2","1",NA,"4","5","3","3","1","11","1",NA
"2","3","1","7","5","2","5","1","6","3",NA
NA,"6",NA,"7","5","2","2","1",NA,"1","3"
"2","3","1","4","5","1",NA,"1","11",NA,NA
"3","7","2","5","5","2","3","1",NA,"2","4"
"5","6",NA,"6","5","2",NA,"1",NA,"3","7"
"3","2","2","3","4","2","6","1","8",NA,NA
NA,"7","2","7","5","2","6","1",NA,NA,"6"
NA,"5",NA,"10","5","2","3","1",NA,NA,"10"
NA,"3","5","5","5","2",NA,"1",NA,"3",NA
NA,"4",NA,"11","5","2","5","2",NA,"3",NA
NA,"7",NA,"6","3","2","2","1","13","1","2"
"3","6",NA,"8","5","3",NA,"1",NA,NA,"13"
"5","3",NA,"17","5","2","5","1",NA,"3",NA
"3","1",NA,"4","5","3","6","1","6",NA,NA
"2","5","1","2","4","1","3","1",NA,"3","3"
"3","6","1","9","5","2","6","1",NA,"3","5"
"7","6","3","8","5","2",NA,"1","10",NA,"5"
"2","5","1","6","5","2",NA,"2","13",NA,"4"
"2","3","2","2","5","3",NA,"1","7",NA,NA
NA,"5",NA,"9","5","2","5","1",NA,NA,"3"
NA,"7","3","7","5","1","3","1",NA,"1","3"
NA,"7","3","5","5","2",NA,"1","9","3","3"
"2","5",NA,"7","5","3","5","1","14","1",NA
"4","5","2","5","5","1","3","1",NA,"3","3"
NA,"3","3","4","4","1","3","1",NA,"3","3"
"3","7",NA,"7","5","4","7","1","13","1","4"
"3","3","4","8","5","2",NA,"1",NA,"3","7"
"1","2","5","3","1","1","1","1","4","3","4"
NA,"1",NA,"9","5","2","2","1","7",NA,NA
NA,"6",NA,"8","3","2","3","1",NA,"3","4"
NA,"5","1","3","5","1",NA,"1",NA,"3","5"
"4","7",NA,"8","5","3","3","1","11",NA,"5"
"4","5",NA,"9","3","2","3","1",NA,"3","3"
NA,"5",NA,"10","3","2","6","1",NA,"3","7"
"5","5",NA,"9","5","2","3","1","9",NA,"3"
"3","7","4","5","5","2",NA,"1",NA,NA,"5"
"3","1","4","9","5","2","3","1","2",NA,NA
NA,"6","4","4","5","2",NA,"1",NA,NA,"4"
"2","3","1","5","5","2","3","1","10","1",NA
NA,"1","1","1","5","3",NA,"1","12",NA,NA
"3","4","5","4","5","1","2","1",NA,NA,"3"
"4","4",NA,"10","5","2","5","1","4",NA,NA
NA,"6",NA,"7","5","2",NA,"1",NA,NA,NA
"3","5","2","5","5","2",NA,"1","10","2","3"
NA,"3","4","4","5","2",NA,"1","7",NA,"4"
"2","5","3","5","4","2",NA,"1","5","3","3"
NA,"5","1","3","4","2",NA,"1",NA,"3","4"
NA,"2",NA,"5","3","2","3","1","5","3",NA
"2","1",NA,"5","5","3","3","1","9","3",NA
"1","1","2","5","5","2","3","1","5",NA,NA
NA,"1","1","5","5","1","6","1",NA,NA,NA
"2","3",NA,"7","5","4","3","1","8",NA,NA
NA,"4","4","3","4","2",NA,"1","6",NA,"3"
NA,"6","2","7","5","2",NA,"1",NA,NA,"3"
"3","1","2","8","5","1","5","1",NA,"3",NA
NA,"1","2","5","5","2",NA,"1","7","3",NA
"2","3",NA,"4","5","4",NA,"1","12","1",NA
NA,"6",NA,"11","5","3","3","1","12",NA,"7"
NA,"5",NA,"9","5","2","3","1",NA,"1","2"
"3","3",NA,"6","5","4","6","1","11",NA,NA
"3","3","2","5","5","2","3","1","9","3",NA
"2","5",NA,"12","4","2","3","1",NA,NA,"13"
NA,"7",NA,"5","2","2",NA,"1",NA,"3","4"
"2","3","1","4","5","1",NA,"1","2",NA,NA
"4","6","2","10","5","2","3","1",NA,"1","4"
"2","3","1","5","5","2",NA,"1","10","3",NA
NA,"5",NA,"3","5","3",NA,"1","8","3",NA
NA,"1",NA,"3","5","4","5","1","11",NA,NA
NA,"1","1","3","5","1","5","1",NA,NA,NA
"3","3","4","6","5","2","6","1","5",NA,NA
NA,"1",NA,"7","5","4","3","1","9","3",NA
NA,"5",NA,"11","5","2","5","1",NA,"3","9"
NA,"3","2","1","4","1",NA,"1",NA,"1",NA
NA,"5",NA,"5","5","3",NA,"1","12",NA,NA
NA,"3",NA,"7","5","2","3","1",NA,"3",NA
"3","1","5","4","5","2","3","1","6","3",NA
NA,"3",NA,"10","5","2","6","1",NA,"3",NA
"3","4","3","7","5","2",NA,"1","9","3",NA
NA,"2",NA,"5","5","3",NA,"1","5","3",NA
"2","7","1","4","5","2",NA,"1",NA,"2","4"
NA,"5","1","4","5","2",NA,"1","11","1","3"
NA,"6",NA,"5","4","3",NA,"1","11",NA,NA
"2","3","3","8","5","1","4","1",NA,NA,"5"
"2","7",NA,"6","5","3",NA,"1","15","1",NA
NA,"5","2","7","5","2","3","1",NA,"3","6"
NA,"2",NA,"6","5","3","3","1","8",NA,NA
"6","7",NA,"7","4","2",NA,"1",NA,NA,"5"
NA,"1","1","5","5","2","3","1","4",NA,NA
NA,"5","2","5","5","2","3","1","10","3",NA
NA,"6",NA,"12","5","2","3","1",NA,NA,"4"
NA,"2",NA,"5","4","2",NA,"1","5","3",NA
NA,"2","1","4","5","1","3","1","2",NA,"3"
"2","4",NA,"3","1","2","2","1",NA,NA,"3"
NA,"3",NA,"10","5","2","6","1","5",NA,NA
"5","5","4","7","5","2","3","1",NA,"3","3"
"3","5","5","6","5","2","5","1",NA,"3","13"
"3","1","3","6","4","1","6","2",NA,"3",NA
NA,"7","1","6","5","2",NA,"1",NA,"1","3"
NA,"3","4","9","5","1","3","1",NA,"2",NA
"5","3",NA,"8","5","4","5","1","10","3",NA
NA,"2",NA,"4","4","2",NA,"1","7","2",NA
NA,"6",NA,"5","3","4","2","1","13",NA,"3"
NA,"3","3","1","5","2",NA,"2","5",NA,NA
"2","1","1","2","5","1","5","1",NA,"3",NA
"3","5","2","6","5","2","3","1",NA,"3","6"
"2","7","1","4","2","1","5","1",NA,"1","2"
"3","7","4","7","5","2","3","1",NA,NA,"4"
"4","4",NA,"5","5","4",NA,"1","7",NA,NA
"3","3","2","6","5","2","5","1","4",NA,"5"
NA,"5",NA,"8","5","3","6","1","7","3","6"
NA,"7",NA,"5","4","3",NA,"1","8","3","7"
"4","2","2","3","5","2",NA,"1","7",NA,NA
"3","6",NA,"8","5","4","6","1","9",NA,NA
NA,"3","1","5","5","2","5","1","12","1",NA
"5","5",NA,"6","5","3","5","1","11",NA,"3"
"2","4","1","5","5","2","3","1","12","1","4"
NA,"5",NA,"4","1","2","3","1","9",NA,"5"
NA,"7",NA,"8","5","2","3","1",NA,"1","2"
"3","4","3","7","5","2","5","1",NA,NA,NA
"4","5",NA,"5","4","3","5","1","7","1",NA
NA,"3","2","2","5","2",NA,"1",NA,"3",NA
"3","2","2","4","5","1","5","2","5",NA,NA
NA,"5","3","7","5","2","3","1","12","3","5"
"3","7","2","5","5","2",NA,"1","12","1","4"
"4","5",NA,"7","4","2",NA,"1",NA,"3","3"
"3","3","5","4","5","2",NA,"1","6","3",NA
NA,"5","2","7","5","2","5","1",NA,"1","4"
"4","7","2","8","5","2",NA,"1","12","2","4"
NA,"1",NA,"6","5","3",NA,"1","11",NA,NA
NA,"7","4","1","4","2",NA,"1",NA,"3","5"
NA,"5","1","4","5","2",NA,"1","10","1",NA
NA,"3","2","1","5","2",NA,"1","3","3",NA
"2","1","2","2","4","2","7","1","3",NA,NA
"3","5",NA,"14","5","2","7","1",NA,"3","13"
"3","6","2","6","5","2","5","1",NA,"1","4"
"2","2","3","4","4","2","5","1","4",NA,NA
"2","2",NA,"5","5","3",NA,"1","11","2",NA
NA,"3","1","2","5","2",NA,"1","13","1",NA
"3","1","4","4","5","2","5","1","6","3",NA
NA,"1","3","4","5","2",NA,"1","7",NA,NA
NA,"7","1","7","5","1",NA,"1",NA,"1","4"
"3","4",NA,"4","4","3","2","1","7","3",NA
"4","6",NA,"6","5","2",NA,"1","9",NA,"6"
"4","6",NA,"7","5","3",NA,"1","8",NA,"3"
NA,"4","2","8","5","2",NA,"1",NA,NA,"3"
NA,"5","1","4","5","1",NA,"1",NA,NA,"3"
NA,"6",NA,"6","5","4",NA,"1","12","2",NA
NA,"4",NA,"5","1","1","2","1",NA,NA,"2"
"3","3","2","5","4","2","3","2","3",NA,NA
NA,"5",NA,"12","5","2","5","1",NA,"3","13"
NA,"3","3","7","5","2","2","1","12","1",NA
NA,"4",NA,"7","4","2","5","1","8","3",NA
"2","3","1","3","5","2","3","1",NA,"1",NA
"1","7","1","5","5","2",NA,"1",NA,"1","3"
NA,"3","1","9","5","2","3","1",NA,NA,NA
NA,"5",NA,"6","4","3","3","1","7","3","5"
"3","6","2","7","4","2",NA,"1","10",NA,"4"
NA,"5","4","9","5","2","3","1",NA,"3","3"
"3","5","5","7","5","2",NA,"1",NA,NA,"10"
NA,"5","1","6","5","2","5","1",NA,NA,"4"
NA,"4","3","6","5","1","3","1",NA,NA,"6"
"3","5",NA,"9","5","2","3","1",NA,NA,"2"
"3","7","2","4","5","2",NA,"1",NA,NA,"6"
"3","1","2","5","5","1","3","1","2",NA,NA
"3","1",NA,"3","5","2","5","1","3","2",NA
NA,"3",NA,"11","5","2","3","1",NA,"3","5"
"4","4",NA,"3","4","3",NA,"1","4",NA,NA
NA,"1","2","8","5","1","5","1",NA,"3",NA
"4","6",NA,"9","5","3",NA,"1","11","3",NA
"3","6","1","8","5","1",NA,"1",NA,"3","4"
"4","5",NA,"9","5","2","3","1",NA,NA,"4"
"3","1","1","8","3","1","3","1","8",NA,NA
"3","6","2","9","5","2","5","1",NA,"3","4"
NA,"7",NA,"10","5","3","3","1",NA,"1","8"
"2","5","2","6","4","2",NA,"1",NA,NA,"6"
NA,"5","2","5","5","1",NA,"1","6",NA,NA
"4","5",NA,"9","5","2","5","1",NA,"3","11"
NA,"6","2","5","5","2",NA,"1",NA,"1","3"
"3","4",NA,"9","4","3","3","1","11","1",NA
"3","4",NA,"11","5","2","6","1",NA,NA,"5"
"3","3","2","3","4","2","4","1","4","3",NA
"2","6",NA,"6","5","3",NA,"1","9","1","2"
NA,"6",NA,"2","1","2","2","1","14",NA,"3"
NA,"5",NA,"7","3","2","6","1",NA,NA,"9"
NA,"3",NA,"9","5","2","3","1",NA,NA,NA
"3","7","1","4","5","2",NA,"1",NA,"1","3"
"2","4","3","6","5","2",NA,"1","6",NA,NA
NA,"7","2","8","5","2","3","1",NA,"2","4"
NA,"4","1","5","5","2",NA,"1","11","2","4"
NA,"4",NA,"8","5","2","3","1",NA,NA,"4"
"3","1",NA,"9","5","4","5","1","7",NA,NA
"2","3","2","5","5","2","6","1","5",NA,"7"
"2","3","3","4","5","1",NA,"1",NA,"3",NA
NA,"4","3","8","5","2","6","1","6",NA,"5"
"2","3","1","6","5","2",NA,"1",NA,NA,NA
NA,"2","1","7","5","2","5","1",NA,"3",NA
"3","6","2","6","5","2",NA,"1",NA,NA,"6"
"4","3","2","8","4","2","5","1",NA,"3","10"
NA,"7","7","5","5","2",NA,"1","7","3","3"
"2","5","1","8","5","2","5","1",NA,NA,"4"
"3","5",NA,"6","5","4","3","1","11","3",NA
NA,"5","4","7","5","2",NA,"1",NA,"3","6"
NA,"5","1","6","5","1","3","1",NA,"1","4"
"4","1","1","5","5","2","3","1","8","2",NA
"1","2","3","2","5","3",NA,"1","10","1",NA
NA,"6",NA,"8","5","2","5","1","13","1","3"
NA,"4",NA,"4","5","4",NA,"1","9",NA,NA
"5","5","2","8","5","2","3","1",NA,NA,"5"
"5","3",NA,"6","5","2","5","1","7","3",NA
NA,"4","4","10","5","2","6","1",NA,NA,"7"
"3","3","3","3","4","2","5","1","8","3",NA
"3","7","2","6","5","2","3","1",NA,"1","3"
"2","6","1","8","5","2",NA,"1",NA,NA,"3"
"3","5",NA,"8","5","3","4","1","8",NA,NA
"3","6","2","4","5","2",NA,"1",NA,NA,"9"
"2","7","1","4","5","1",NA,"1",NA,"1","3"
"1","1","3","6","5","1",NA,"1",NA,"3",NA
NA,"5","2","4","5","3",NA,"1","10","2",NA
NA,"4","1","5","5","2","3","1",NA,NA,NA
"4","4","4","8","5","2",NA,"1",NA,"3","3"
"1","7","2","1","5","1",NA,"1",NA,NA,"3"
"4","5","1","7","5","2",NA,"1","8","3",NA
"4","7",NA,"7","5","2",NA,"1",NA,"3","6"
"2","7","2","5","5","1",NA,"1",NA,"3","9"
NA,"3",NA,"6","5","2","5","1","9",NA,NA
"4","7","2","6","5","2",NA,"1",NA,"3","3"
NA,"3","1","4","5","2",NA,"1","10","1",NA
"4","3",NA,"7","5","4","3","1","12","1",NA
"4","3","4","8","5","2","4","1",NA,"3",NA
NA,"5",NA,"7","4","2","6","1","9","3","13"
NA,"5",NA,"6","5","4","4","1","11",NA,"3"
NA,"1",NA,"2","2","2","2","1","14","1",NA
"5","7",NA,"12","5","2","4","1",NA,"3","3"
NA,"4","2","5","5","2","6","1","11",NA,"6"
NA,"2",NA,"4","4","1",NA,"1",NA,NA,NA
"3","4","3","5","5","2","5","1","5",NA,"5"
NA,"5","1","3","5","1",NA,"1",NA,"3","5"
"2","4","1","6","5","2",NA,"1",NA,"3","5"
NA,"6",NA,"8","5","3","3","1",NA,NA,"5"
"2","3","2","5","5","1","2","1",NA,NA,NA
"3","1",NA,"9","5","4","5","1","11","1",NA
"3","4",NA,"4","4","3","5","1","9","3",NA
NA,"4",NA,"9","5","3","6","1","10",NA,NA
NA,"6",NA,"11","5","2","3","1",NA,NA,"6"
NA,"5","1","4","5","1",NA,"1",NA,"1","3"
NA,"7",NA,"10","5","2","3","1",NA,"1","4"
NA,"3","2","5","5","2",NA,"1","4","3",NA
"5","1",NA,"9","5","2","6","1","6",NA,NA
"5","3","5","5","5","1","3","1",NA,NA,NA
NA,"6","2","7","5","2",NA,"1",NA,"3","10"
"3","5",NA,"17","5","2","4","1",NA,"2","4"
NA,"7",NA,"8","5","2",NA,"1",NA,"1","3"
"4","6","7","5","5","1","3","1",NA,"1","4"
"3","1",NA,"7","3","2","2","1","8","3",NA
NA,"4","5","6","5","2",NA,"1",NA,NA,"4"
NA,"1",NA,"5","4","2","2","1",NA,"1",NA
NA,"3","2","7","5","2",NA,"1",NA,"2","3"
"5","4","2","3","5","1",NA,"1",NA,NA,"3"
NA,"4","3","8","5","2",NA,"1",NA,"3",NA
"2","2","1","5","5","2","3","1","8",NA,NA
NA,"4","1","5","5","1",NA,"2",NA,NA,"13"
NA,"5","1","6","5","2",NA,"1",NA,NA,"4"
NA,"4",NA,"4","5","4",NA,"2","11",NA,NA
NA,"6",NA,"4","5","3",NA,"1","16","1","3"
"2","4",NA,"5","2","2","6","1","16","1","6"
NA,"2","3","6","4","1","3","1",NA,NA,NA
NA,"3",NA,"8","5","3","5","1","4",NA,NA
NA,"6",NA,"5","5","3",NA,"1","16","1","3"
"4","6","3","7","5","2",NA,"1",NA,NA,"7"
NA,"6",NA,"7","5","2","6","1",NA,"1","6"
NA,"2","1","8","5","2","5","1","6",NA,"12"
"4","3",NA,"6","5","3","3","1","5","3",NA
"6","5",NA,"17","5","2","5","1",NA,NA,"7"
"2","5",NA,"5","5","4",NA,"1","16","1","3"
NA,"5",NA,"2","2","3",NA,"1","13",NA,NA
"2","3","1","4","5","1","6","2",NA,NA,NA
NA,"3",NA,"2","3","2",NA,"1","12",NA,"4"
NA,"6","1","6","5","2","3","1",NA,NA,"3"
NA,"6",NA,"8","5","4","3","1","10","3",NA
"3","4","4","6","5","2",NA,"1","5","3",NA
NA,"4",NA,"7","5","4","6","1","6","3",NA
"4","4","3","8","5","2","5","1",NA,NA,"6"
"3","4",NA,"7","5","3",NA,"1","5","3",NA
"2","6",NA,"7","5","3","3","1",NA,NA,"3"
"2","7","1","1","5","2",NA,"1","17",NA,"3"
"3","1","4","5","5","2","5","1","3",NA,NA
"3","1","3","7","5","2","3","1","10",NA,NA
"3","1",NA,"7","4","3","6","1","7",NA,NA
"2","1","1","6","4","1","5","1",NA,NA,NA
NA,"3","2","5","4","1",NA,"1",NA,NA,NA
NA,"1","2","4","5","2",NA,"1","10",NA,NA
"2","1","1","4","5","2","6","1","10","3",NA
NA,"1","3","5","5","2",NA,"1","2",NA,NA
